成就编号	成就ICON	等级需求	成就名称	成就描述	任务类型	完成条件	金币	银币	活力	体力	经验	掉落	任务链 id	任务链顺序
int	string	int	string	string	int	string	int	int	int	int	int	string	int	int
id	icon	lv	taskname	describe	type	condition	gold	silver	vigour	Stamina	exp	rewards	chainid	chainseq
1	m10001	1	英雄培养1	培养5次英雄	1	5	0	0	0	0	50	20008|1|5	1	1
2	m10001	1	英雄培养2	培养10次英雄	1	10	0	0	0	0	100	20008|1|10	1	2
3	m10001	1	英雄培养3	培养20次英雄	1	20	0	0	0	0	150	20008|1|15	1	3
4	m10001	1	英雄培养4	培养35次英雄	1	35	0	0	0	0	200	20008|1|20	1	4
5	m10001	1	英雄培养5	培养55次英雄	1	55	0	0	0	0	250	20008|1|25	1	5
6	m10001	1	英雄培养6	培养80次英雄	1	80	0	0	0	0	300	20008|1|30	1	6
7	m10001	1	英雄培养7	培养110次英雄	1	110	0	0	0	0	350	20008|1|35	1	7
8	m10001	1	英雄培养8	培养145次英雄	1	145	0	0	0	0	400	20008|1|40	1	8
9	m10001	1	英雄培养9	培养185次英雄	1	185	0	0	0	0	450	20008|1|45	1	9
10	m10001	1	英雄培养10	培养230次英雄	1	230	0	0	0	0	500	20008|1|50	1	10
11	m10001	1	英雄培养11	培养280次英雄	1	280	0	0	0	0	550	20008|1|55	1	11
12	m10001	1	英雄培养12	培养335次英雄	1	335	0	0	0	0	600	20008|1|60	1	12
13	m10001	1	英雄培养13	培养395次英雄	1	395	0	0	0	0	650	20008|1|65	1	13
14	m10001	1	英雄培养14	培养460次英雄	1	460	0	0	0	0	700	20008|1|70	1	14
15	m10001	1	英雄培养15	培养530次英雄	1	530	0	0	0	0	750	20008|1|75	1	15
16	m10001	1	英雄培养16	培养605次英雄	1	605	0	0	0	0	800	20008|1|80	1	16
17	m10001	1	英雄培养17	培养685次英雄	1	685	0	0	0	0	850	20008|1|85	1	17
18	m10001	1	英雄培养18	培养770次英雄	1	770	0	0	0	0	900	20008|1|90	1	18
19	m10001	1	英雄培养19	培养860次英雄	1	860	0	0	0	0	950	20008|1|95	1	19
20	m10001	1	英雄培养20	培养955次英雄	1	955	0	0	0	0	1000	20008|1|100	1	20
21	m10001	1	英雄培养21	培养1055次英雄	1	1055	0	0	0	0	1050	20008|1|105	1	21
22	m10001	1	英雄培养22	培养1160次英雄	1	1160	0	0	0	0	1100	20008|1|110	1	22
23	m10001	1	英雄培养23	培养1270次英雄	1	1270	0	0	0	0	1150	20008|1|115	1	23
24	m10001	1	英雄培养24	培养1385次英雄	1	1385	0	0	0	0	1200	20008|1|120	1	24
25	m10001	1	英雄培养25	培养1505次英雄	1	1505	0	0	0	0	1250	20008|1|125	1	25
26	m10001	1	英雄培养26	培养1630次英雄	1	1630	0	0	0	0	1300	20008|1|130	1	26
27	m10001	1	英雄培养27	培养1760次英雄	1	1760	0	0	0	0	1350	20008|1|135	1	27
28	m10001	1	英雄培养28	培养1895次英雄	1	1895	0	0	0	0	1400	20008|1|140	1	28
29	m10001	1	英雄培养29	培养2035次英雄	1	2035	0	0	0	0	1450	20008|1|145	1	29
30	m10001	1	英雄培养30	培养2180次英雄	1	2180	0	0	0	0	1500	20008|1|150	1	30
31	m10001	1	英雄培养31	培养2330次英雄	1	2330	0	0	0	0	1550	20008|1|155	1	31
32	m10001	1	英雄培养32	培养2485次英雄	1	2485	0	0	0	0	1600	20008|1|160	1	32
33	m10001	1	英雄培养33	培养2645次英雄	1	2645	0	0	0	0	1650	20008|1|165	1	33
34	m10001	1	英雄培养34	培养2810次英雄	1	2810	0	0	0	0	1700	20008|1|170	1	34
35	m10001	1	英雄培养35	培养2980次英雄	1	2980	0	0	0	0	1750	20008|1|175	1	35
36	m10001	1	英雄培养36	培养3155次英雄	1	3155	0	0	0	0	1800	20008|1|180	1	36
37	m10001	1	英雄培养37	培养3335次英雄	1	3335	0	0	0	0	1850	20008|1|185	1	37
38	m10001	1	英雄培养38	培养3520次英雄	1	3520	0	0	0	0	1900	20008|1|190	1	38
39	m10001	1	英雄培养39	培养3710次英雄	1	3710	0	0	0	0	1950	20008|1|195	1	39
40	m10001	1	英雄培养40	培养3905次英雄	1	3905	0	0	0	0	2000	20008|1|200	1	40
41	m10001	1	英雄培养41	培养4105次英雄	1	4105	0	0	0	0	2050	20008|1|205	1	41
42	m10001	1	英雄培养42	培养4310次英雄	1	4310	0	0	0	0	2100	20008|1|210	1	42
43	m10001	1	英雄培养43	培养4520次英雄	1	4520	0	0	0	0	2150	20008|1|215	1	43
44	m10001	1	英雄培养44	培养4735次英雄	1	4735	0	0	0	0	2200	20008|1|220	1	44
45	m10001	1	英雄培养45	培养4955次英雄	1	4955	0	0	0	0	2250	20008|1|225	1	45
46	m10001	1	英雄培养46	培养5180次英雄	1	5180	0	0	0	0	2300	20008|1|230	1	46
47	m10001	1	英雄培养47	培养5410次英雄	1	5410	0	0	0	0	2350	20008|1|235	1	47
48	m10001	1	英雄培养48	培养5645次英雄	1	5645	0	0	0	0	2400	20008|1|240	1	48
49	m10001	1	英雄培养49	培养5885次英雄	1	5885	0	0	0	0	2450	20008|1|245	1	49
50	m10001	1	英雄培养50	培养6130次英雄	1	6130	0	0	0	0	2500	20008|1|250	1	50
51	m10001	1	英雄培养51	培养6380次英雄	1	6380	0	0	0	0	2550	20008|1|255	1	51
52	m10001	1	英雄培养52	培养6635次英雄	1	6635	0	0	0	0	2600	20008|1|260	1	52
53	m10001	1	英雄培养53	培养6895次英雄	1	6895	0	0	0	0	2650	20008|1|265	1	53
54	m10001	1	英雄培养54	培养7160次英雄	1	7160	0	0	0	0	2700	20008|1|270	1	54
55	m10001	1	英雄培养55	培养7430次英雄	1	7430	0	0	0	0	2750	20008|1|275	1	55
56	m10001	1	英雄培养56	培养7705次英雄	1	7705	0	0	0	0	2800	20008|1|280	1	56
57	m10001	1	英雄培养57	培养7985次英雄	1	7985	0	0	0	0	2850	20008|1|285	1	57
58	m10001	1	英雄培养58	培养8270次英雄	1	8270	0	0	0	0	2900	20008|1|290	1	58
59	m10001	1	英雄培养59	培养8560次英雄	1	8560	0	0	0	0	2950	20008|1|295	1	59
60	m10001	1	英雄培养60	培养8855次英雄	1	8855	0	0	0	0	3000	20008|1|300	1	60
61	m10002	1	装备强化1	强化5次装备	2	5	0	50	0	0	50	0	2	1
62	m10002	1	装备强化2	强化10次装备	2	10	0	100	0	0	100	0	2	2
63	m10002	1	装备强化3	强化20次装备	2	20	0	150	0	0	150	0	2	3
64	m10002	1	装备强化4	强化35次装备	2	35	0	200	0	0	200	0	2	4
65	m10002	1	装备强化5	强化55次装备	2	55	0	250	0	0	250	0	2	5
66	m10002	1	装备强化6	强化80次装备	2	80	0	300	0	0	300	0	2	6
67	m10002	1	装备强化7	强化110次装备	2	110	0	350	0	0	350	0	2	7
68	m10002	1	装备强化8	强化145次装备	2	145	0	400	0	0	400	0	2	8
69	m10002	1	装备强化9	强化185次装备	2	185	0	450	0	0	450	0	2	9
70	m10002	1	装备强化10	强化230次装备	2	230	0	500	0	0	500	0	2	10
71	m10002	1	装备强化11	强化280次装备	2	280	0	550	0	0	550	0	2	11
72	m10002	1	装备强化12	强化335次装备	2	335	0	600	0	0	600	0	2	12
73	m10002	1	装备强化13	强化395次装备	2	395	0	650	0	0	650	0	2	13
74	m10002	1	装备强化14	强化460次装备	2	460	0	700	0	0	700	0	2	14
75	m10002	1	装备强化15	强化530次装备	2	530	0	750	0	0	750	0	2	15
76	m10002	1	装备强化16	强化605次装备	2	605	0	800	0	0	800	0	2	16
77	m10002	1	装备强化17	强化685次装备	2	685	0	850	0	0	850	0	2	17
78	m10002	1	装备强化18	强化770次装备	2	770	0	900	0	0	900	0	2	18
79	m10002	1	装备强化19	强化860次装备	2	860	0	950	0	0	950	0	2	19
80	m10002	1	装备强化20	强化955次装备	2	955	0	1000	0	0	1000	0	2	20
81	m10002	1	装备强化21	强化1055次装备	2	1055	0	1050	0	0	1050	0	2	21
82	m10002	1	装备强化22	强化1160次装备	2	1160	0	1100	0	0	1100	0	2	22
83	m10002	1	装备强化23	强化1270次装备	2	1270	0	1150	0	0	1150	0	2	23
84	m10002	1	装备强化24	强化1385次装备	2	1385	0	1200	0	0	1200	0	2	24
85	m10002	1	装备强化25	强化1505次装备	2	1505	0	1250	0	0	1250	0	2	25
86	m10002	1	装备强化26	强化1630次装备	2	1630	0	1300	0	0	1300	0	2	26
87	m10002	1	装备强化27	强化1760次装备	2	1760	0	1350	0	0	1350	0	2	27
88	m10002	1	装备强化28	强化1895次装备	2	1895	0	1400	0	0	1400	0	2	28
89	m10002	1	装备强化29	强化2035次装备	2	2035	0	1450	0	0	1450	0	2	29
90	m10002	1	装备强化30	强化2180次装备	2	2180	0	1500	0	0	1500	0	2	30
91	m10002	1	装备强化31	强化2330次装备	2	2330	0	1550	0	0	1550	0	2	31
92	m10002	1	装备强化32	强化2485次装备	2	2485	0	1600	0	0	1600	0	2	32
93	m10002	1	装备强化33	强化2645次装备	2	2645	0	1650	0	0	1650	0	2	33
94	m10002	1	装备强化34	强化2810次装备	2	2810	0	1700	0	0	1700	0	2	34
95	m10002	1	装备强化35	强化2980次装备	2	2980	0	1750	0	0	1750	0	2	35
96	m10002	1	装备强化36	强化3155次装备	2	3155	0	1800	0	0	1800	0	2	36
97	m10002	1	装备强化37	强化3335次装备	2	3335	0	1850	0	0	1850	0	2	37
98	m10002	1	装备强化38	强化3520次装备	2	3520	0	1900	0	0	1900	0	2	38
99	m10002	1	装备强化39	强化3710次装备	2	3710	0	1950	0	0	1950	0	2	39
100	m10002	1	装备强化40	强化3905次装备	2	3905	0	2000	0	0	2000	0	2	40
101	m10002	1	装备强化41	强化4105次装备	2	4105	0	2050	0	0	2050	0	2	41
102	m10002	1	装备强化42	强化4310次装备	2	4310	0	2100	0	0	2100	0	2	42
103	m10002	1	装备强化43	强化4520次装备	2	4520	0	2150	0	0	2150	0	2	43
104	m10002	1	装备强化44	强化4735次装备	2	4735	0	2200	0	0	2200	0	2	44
105	m10002	1	装备强化45	强化4955次装备	2	4955	0	2250	0	0	2250	0	2	45
106	m10002	1	装备强化46	强化5180次装备	2	5180	0	2300	0	0	2300	0	2	46
107	m10002	1	装备强化47	强化5410次装备	2	5410	0	2350	0	0	2350	0	2	47
108	m10002	1	装备强化48	强化5645次装备	2	5645	0	2400	0	0	2400	0	2	48
109	m10002	1	装备强化49	强化5885次装备	2	5885	0	2450	0	0	2450	0	2	49
110	m10002	1	装备强化50	强化6130次装备	2	6130	0	2500	0	0	2500	0	2	50
111	m10002	1	装备强化51	强化6380次装备	2	6380	0	2550	0	0	2550	0	2	51
112	m10002	1	装备强化52	强化6635次装备	2	6635	0	2600	0	0	2600	0	2	52
113	m10002	1	装备强化53	强化6895次装备	2	6895	0	2650	0	0	2650	0	2	53
114	m10002	1	装备强化54	强化7160次装备	2	7160	0	2700	0	0	2700	0	2	54
115	m10002	1	装备强化55	强化7430次装备	2	7430	0	2750	0	0	2750	0	2	55
116	m10002	1	装备强化56	强化7705次装备	2	7705	0	2800	0	0	2800	0	2	56
117	m10002	1	装备强化57	强化7985次装备	2	7985	0	2850	0	0	2850	0	2	57
118	m10002	1	装备强化58	强化8270次装备	2	8270	0	2900	0	0	2900	0	2	58
119	m10002	1	装备强化59	强化8560次装备	2	8560	0	2950	0	0	2950	0	2	59
120	m10002	1	装备强化60	强化8855次装备	2	8855	0	3000	0	0	3000	0	2	60
121	m10003	1	装备合成1	合成1件装备	3	1	0	0	0	0	50	20023|1|1	3	1
122	m10003	1	装备合成2	合成2件装备	3	2	0	0	0	0	100	20023|1|2	3	2
123	m10003	1	装备合成3	合成4件装备	3	4	0	0	0	0	150	20023|1|3	3	3
124	m10003	1	装备合成4	合成7件装备	3	7	0	0	0	0	200	20023|1|4	3	4
125	m10003	1	装备合成5	合成11件装备	3	11	0	0	0	0	250	20023|1|5	3	5
126	m10003	1	装备合成6	合成16件装备	3	16	0	0	0	0	300	20023|1|6	3	6
127	m10003	1	装备合成7	合成22件装备	3	22	0	0	0	0	350	20023|1|7	3	7
128	m10003	1	装备合成8	合成29件装备	3	29	0	0	0	0	400	20023|1|8	3	8
129	m10003	1	装备合成9	合成37件装备	3	37	0	0	0	0	450	20023|1|9	3	9
130	m10003	1	装备合成10	合成46件装备	3	46	0	0	0	0	500	20023|1|10	3	10
131	m10003	1	装备合成11	合成56件装备	3	56	0	0	0	0	550	20023|1|11	3	11
132	m10003	1	装备合成12	合成67件装备	3	67	0	0	0	0	600	20023|1|12	3	12
133	m10003	1	装备合成13	合成79件装备	3	79	0	0	0	0	650	20023|1|13	3	13
134	m10003	1	装备合成14	合成92件装备	3	92	0	0	0	0	700	20023|1|14	3	14
135	m10003	1	装备合成15	合成106件装备	3	106	0	0	0	0	750	20023|1|15	3	15
136	m10003	1	装备合成16	合成121件装备	3	121	0	0	0	0	800	20023|1|16	3	16
137	m10003	1	装备合成17	合成137件装备	3	137	0	0	0	0	850	20023|1|17	3	17
138	m10003	1	装备合成18	合成154件装备	3	154	0	0	0	0	900	20023|1|18	3	18
139	m10003	1	装备合成19	合成172件装备	3	172	0	0	0	0	950	20023|1|19	3	19
140	m10003	1	装备合成20	合成191件装备	3	191	0	0	0	0	1000	20023|1|20	3	20
141	m10003	1	装备合成21	合成211件装备	3	211	0	0	0	0	1050	20023|1|21	3	21
142	m10003	1	装备合成22	合成232件装备	3	232	0	0	0	0	1100	20023|1|22	3	22
143	m10003	1	装备合成23	合成254件装备	3	254	0	0	0	0	1150	20023|1|23	3	23
144	m10003	1	装备合成24	合成277件装备	3	277	0	0	0	0	1200	20023|1|24	3	24
145	m10003	1	装备合成25	合成301件装备	3	301	0	0	0	0	1250	20023|1|25	3	25
146	m10003	1	装备合成26	合成326件装备	3	326	0	0	0	0	1300	20023|1|26	3	26
147	m10003	1	装备合成27	合成352件装备	3	352	0	0	0	0	1350	20023|1|27	3	27
148	m10003	1	装备合成28	合成379件装备	3	379	0	0	0	0	1400	20023|1|28	3	28
149	m10003	1	装备合成29	合成407件装备	3	407	0	0	0	0	1450	20023|1|29	3	29
150	m10003	1	装备合成30	合成436件装备	3	436	0	0	0	0	1500	20023|1|30	3	30
151	m10003	1	装备合成31	合成466件装备	3	466	0	0	0	0	1550	20023|1|31	3	31
152	m10003	1	装备合成32	合成497件装备	3	497	0	0	0	0	1600	20023|1|32	3	32
153	m10003	1	装备合成33	合成529件装备	3	529	0	0	0	0	1650	20023|1|33	3	33
154	m10003	1	装备合成34	合成562件装备	3	562	0	0	0	0	1700	20023|1|34	3	34
155	m10003	1	装备合成35	合成596件装备	3	596	0	0	0	0	1750	20023|1|35	3	35
156	m10003	1	装备合成36	合成631件装备	3	631	0	0	0	0	1800	20023|1|36	3	36
157	m10003	1	装备合成37	合成667件装备	3	667	0	0	0	0	1850	20023|1|37	3	37
158	m10003	1	装备合成38	合成704件装备	3	704	0	0	0	0	1900	20023|1|38	3	38
159	m10003	1	装备合成39	合成742件装备	3	742	0	0	0	0	1950	20023|1|39	3	39
160	m10003	1	装备合成40	合成781件装备	3	781	0	0	0	0	2000	20023|1|40	3	40
161	m10003	1	装备合成41	合成821件装备	3	821	0	0	0	0	2050	20023|1|41	3	41
162	m10003	1	装备合成42	合成862件装备	3	862	0	0	0	0	2100	20023|1|42	3	42
163	m10003	1	装备合成43	合成904件装备	3	904	0	0	0	0	2150	20023|1|43	3	43
164	m10003	1	装备合成44	合成947件装备	3	947	0	0	0	0	2200	20023|1|44	3	44
165	m10003	1	装备合成45	合成991件装备	3	991	0	0	0	0	2250	20023|1|45	3	45
166	m10003	1	装备合成46	合成1036件装备	3	1036	0	0	0	0	2300	20023|1|46	3	46
167	m10003	1	装备合成47	合成1082件装备	3	1082	0	0	0	0	2350	20023|1|47	3	47
168	m10003	1	装备合成48	合成1129件装备	3	1129	0	0	0	0	2400	20023|1|48	3	48
169	m10003	1	装备合成49	合成1177件装备	3	1177	0	0	0	0	2450	20023|1|49	3	49
170	m10003	1	装备合成50	合成1226件装备	3	1226	0	0	0	0	2500	20023|1|50	3	50
171	m10003	1	装备合成51	合成1276件装备	3	1276	0	0	0	0	2550	20023|1|51	3	51
172	m10003	1	装备合成52	合成1327件装备	3	1327	0	0	0	0	2600	20023|1|52	3	52
173	m10003	1	装备合成53	合成1379件装备	3	1379	0	0	0	0	2650	20023|1|53	3	53
174	m10003	1	装备合成54	合成1432件装备	3	1432	0	0	0	0	2700	20023|1|54	3	54
175	m10003	1	装备合成55	合成1486件装备	3	1486	0	0	0	0	2750	20023|1|55	3	55
176	m10003	1	装备合成56	合成1541件装备	3	1541	0	0	0	0	2800	20023|1|56	3	56
177	m10003	1	装备合成57	合成1597件装备	3	1597	0	0	0	0	2850	20023|1|57	3	57
178	m10003	1	装备合成58	合成1654件装备	3	1654	0	0	0	0	2900	20023|1|58	3	58
179	m10003	1	装备合成59	合成1712件装备	3	1712	0	0	0	0	2950	20023|1|59	3	59
180	m10003	1	装备合成60	合成1771件装备	3	1771	0	0	0	0	3000	20023|1|60	3	60
181	m10004	1	挑战副本1	完成5次副本	4	5	100	0	0	0	50	0	4	1
182	m10004	1	挑战副本2	完成10次副本	4	10	100	0	0	0	100	0	4	2
183	m10004	1	挑战副本3	完成20次副本	4	20	100	0	0	0	150	0	4	3
184	m10004	1	挑战副本4	完成35次副本	4	35	100	0	0	0	200	0	4	4
185	m10004	1	挑战副本5	完成55次副本	4	55	100	0	0	0	250	0	4	5
186	m10004	1	挑战副本6	完成80次副本	4	80	100	0	0	0	300	0	4	6
187	m10004	1	挑战副本7	完成110次副本	4	110	100	0	0	0	350	0	4	7
188	m10004	1	挑战副本8	完成145次副本	4	145	100	0	0	0	400	0	4	8
189	m10004	1	挑战副本9	完成185次副本	4	185	100	0	0	0	450	0	4	9
190	m10004	1	挑战副本10	完成230次副本	4	230	100	0	0	0	500	0	4	10
191	m10004	1	挑战副本11	完成280次副本	4	280	100	0	0	0	550	0	4	11
192	m10004	1	挑战副本12	完成335次副本	4	335	100	0	0	0	600	0	4	12
193	m10004	1	挑战副本13	完成395次副本	4	395	100	0	0	0	650	0	4	13
194	m10004	1	挑战副本14	完成460次副本	4	460	100	0	0	0	700	0	4	14
195	m10004	1	挑战副本15	完成530次副本	4	530	100	0	0	0	750	0	4	15
196	m10004	1	挑战副本16	完成605次副本	4	605	100	0	0	0	800	0	4	16
197	m10004	1	挑战副本17	完成685次副本	4	685	100	0	0	0	850	0	4	17
198	m10004	1	挑战副本18	完成770次副本	4	770	100	0	0	0	900	0	4	18
199	m10004	1	挑战副本19	完成860次副本	4	860	100	0	0	0	950	0	4	19
200	m10004	1	挑战副本20	完成955次副本	4	955	100	0	0	0	1000	0	4	20
201	m10004	1	挑战副本21	完成1055次副本	4	1055	100	0	0	0	1050	0	4	21
202	m10004	1	挑战副本22	完成1160次副本	4	1160	100	0	0	0	1100	0	4	22
203	m10004	1	挑战副本23	完成1270次副本	4	1270	100	0	0	0	1150	0	4	23
204	m10004	1	挑战副本24	完成1385次副本	4	1385	100	0	0	0	1200	0	4	24
205	m10004	1	挑战副本25	完成1505次副本	4	1505	100	0	0	0	1250	0	4	25
206	m10004	1	挑战副本26	完成1630次副本	4	1630	100	0	0	0	1300	0	4	26
207	m10004	1	挑战副本27	完成1760次副本	4	1760	100	0	0	0	1350	0	4	27
208	m10004	1	挑战副本28	完成1895次副本	4	1895	100	0	0	0	1400	0	4	28
209	m10004	1	挑战副本29	完成2035次副本	4	2035	100	0	0	0	1450	0	4	29
210	m10004	1	挑战副本30	完成2180次副本	4	2180	100	0	0	0	1500	0	4	30
211	m10004	1	挑战副本31	完成2330次副本	4	2330	100	0	0	0	1550	0	4	31
212	m10004	1	挑战副本32	完成2485次副本	4	2485	100	0	0	0	1600	0	4	32
213	m10004	1	挑战副本33	完成2645次副本	4	2645	100	0	0	0	1650	0	4	33
214	m10004	1	挑战副本34	完成2810次副本	4	2810	100	0	0	0	1700	0	4	34
215	m10004	1	挑战副本35	完成2980次副本	4	2980	100	0	0	0	1750	0	4	35
216	m10004	1	挑战副本36	完成3155次副本	4	3155	100	0	0	0	1800	0	4	36
217	m10004	1	挑战副本37	完成3335次副本	4	3335	100	0	0	0	1850	0	4	37
218	m10004	1	挑战副本38	完成3520次副本	4	3520	100	0	0	0	1900	0	4	38
219	m10004	1	挑战副本39	完成3710次副本	4	3710	100	0	0	0	1950	0	4	39
220	m10004	1	挑战副本40	完成3905次副本	4	3905	100	0	0	0	2000	0	4	40
221	m10004	1	挑战副本41	完成4105次副本	4	4105	100	0	0	0	2050	0	4	41
222	m10004	1	挑战副本42	完成4310次副本	4	4310	100	0	0	0	2100	0	4	42
223	m10004	1	挑战副本43	完成4520次副本	4	4520	100	0	0	0	2150	0	4	43
224	m10004	1	挑战副本44	完成4735次副本	4	4735	100	0	0	0	2200	0	4	44
225	m10004	1	挑战副本45	完成4955次副本	4	4955	100	0	0	0	2250	0	4	45
226	m10004	1	挑战副本46	完成5180次副本	4	5180	100	0	0	0	2300	0	4	46
227	m10004	1	挑战副本47	完成5410次副本	4	5410	100	0	0	0	2350	0	4	47
228	m10004	1	挑战副本48	完成5645次副本	4	5645	100	0	0	0	2400	0	4	48
229	m10004	1	挑战副本49	完成5885次副本	4	5885	100	0	0	0	2450	0	4	49
230	m10004	1	挑战副本50	完成6130次副本	4	6130	100	0	0	0	2500	0	4	50
231	m10004	1	挑战副本51	完成6380次副本	4	6380	100	0	0	0	2550	0	4	51
232	m10004	1	挑战副本52	完成6635次副本	4	6635	100	0	0	0	2600	0	4	52
233	m10004	1	挑战副本53	完成6895次副本	4	6895	100	0	0	0	2650	0	4	53
234	m10004	1	挑战副本54	完成7160次副本	4	7160	100	0	0	0	2700	0	4	54
235	m10004	1	挑战副本55	完成7430次副本	4	7430	100	0	0	0	2750	0	4	55
236	m10004	1	挑战副本56	完成7705次副本	4	7705	100	0	0	0	2800	0	4	56
237	m10004	1	挑战副本57	完成7985次副本	4	7985	100	0	0	0	2850	0	4	57
238	m10004	1	挑战副本58	完成8270次副本	4	8270	100	0	0	0	2900	0	4	58
239	m10004	1	挑战副本59	完成8560次副本	4	8560	100	0	0	0	2950	0	4	59
240	m10004	1	挑战副本60	完成8855次副本	4	8855	100	0	0	0	3000	0	4	60
241	m10001	1	挑战竞技场1	挑战5次竞技场	6	5	0	0	1	0	50	0	6	1
242	m10001	1	挑战竞技场2	挑战10次竞技场	6	10	0	0	2	0	100	0	6	2
243	m10001	1	挑战竞技场3	挑战20次竞技场	6	20	0	0	3	0	150	0	6	3
244	m10001	1	挑战竞技场4	挑战35次竞技场	6	35	0	0	4	0	200	0	6	4
245	m10001	1	挑战竞技场5	挑战55次竞技场	6	55	0	0	5	0	250	0	6	5
246	m10001	1	挑战竞技场6	挑战80次竞技场	6	80	0	0	6	0	300	0	6	6
247	m10001	1	挑战竞技场7	挑战110次竞技场	6	110	0	0	7	0	350	0	6	7
248	m10001	1	挑战竞技场8	挑战145次竞技场	6	145	0	0	8	0	400	0	6	8
249	m10001	1	挑战竞技场9	挑战185次竞技场	6	185	0	0	9	0	450	0	6	9
250	m10001	1	挑战竞技场10	挑战230次竞技场	6	230	0	0	10	0	500	0	6	10
251	m10001	1	挑战竞技场11	挑战280次竞技场	6	280	0	0	11	0	550	0	6	11
252	m10001	1	挑战竞技场12	挑战335次竞技场	6	335	0	0	12	0	600	0	6	12
253	m10001	1	挑战竞技场13	挑战395次竞技场	6	395	0	0	13	0	650	0	6	13
254	m10001	1	挑战竞技场14	挑战460次竞技场	6	460	0	0	14	0	700	0	6	14
255	m10001	1	挑战竞技场15	挑战530次竞技场	6	530	0	0	15	0	750	0	6	15
256	m10001	1	挑战竞技场16	挑战605次竞技场	6	605	0	0	16	0	800	0	6	16
257	m10001	1	挑战竞技场17	挑战685次竞技场	6	685	0	0	17	0	850	0	6	17
258	m10001	1	挑战竞技场18	挑战770次竞技场	6	770	0	0	18	0	900	0	6	18
259	m10001	1	挑战竞技场19	挑战860次竞技场	6	860	0	0	19	0	950	0	6	19
260	m10001	1	挑战竞技场20	挑战955次竞技场	6	955	0	0	20	0	1000	0	6	20
261	m10001	1	挑战竞技场21	挑战1055次竞技场	6	1055	0	0	21	0	1050	0	6	21
262	m10001	1	挑战竞技场22	挑战1160次竞技场	6	1160	0	0	22	0	1100	0	6	22
263	m10001	1	挑战竞技场23	挑战1270次竞技场	6	1270	0	0	23	0	1150	0	6	23
264	m10001	1	挑战竞技场24	挑战1385次竞技场	6	1385	0	0	24	0	1200	0	6	24
265	m10001	1	挑战竞技场25	挑战1505次竞技场	6	1505	0	0	25	0	1250	0	6	25
266	m10001	1	挑战竞技场26	挑战1630次竞技场	6	1630	0	0	26	0	1300	0	6	26
267	m10001	1	挑战竞技场27	挑战1760次竞技场	6	1760	0	0	27	0	1350	0	6	27
268	m10001	1	挑战竞技场28	挑战1895次竞技场	6	1895	0	0	28	0	1400	0	6	28
269	m10001	1	挑战竞技场29	挑战2035次竞技场	6	2035	0	0	29	0	1450	0	6	29
270	m10001	1	挑战竞技场30	挑战2180次竞技场	6	2180	0	0	30	0	1500	0	6	30
271	m10001	1	挑战竞技场31	挑战2330次竞技场	6	2330	0	0	31	0	1550	0	6	31
272	m10001	1	挑战竞技场32	挑战2485次竞技场	6	2485	0	0	32	0	1600	0	6	32
273	m10001	1	挑战竞技场33	挑战2645次竞技场	6	2645	0	0	33	0	1650	0	6	33
274	m10001	1	挑战竞技场34	挑战2810次竞技场	6	2810	0	0	34	0	1700	0	6	34
275	m10001	1	挑战竞技场35	挑战2980次竞技场	6	2980	0	0	35	0	1750	0	6	35
276	m10001	1	挑战竞技场36	挑战3155次竞技场	6	3155	0	0	36	0	1800	0	6	36
277	m10001	1	挑战竞技场37	挑战3335次竞技场	6	3335	0	0	37	0	1850	0	6	37
278	m10001	1	挑战竞技场38	挑战3520次竞技场	6	3520	0	0	38	0	1900	0	6	38
279	m10001	1	挑战竞技场39	挑战3710次竞技场	6	3710	0	0	39	0	1950	0	6	39
280	m10001	1	挑战竞技场40	挑战3905次竞技场	6	3905	0	0	40	0	2000	0	6	40
281	m10001	1	挑战竞技场41	挑战4105次竞技场	6	4105	0	0	41	0	2050	0	6	41
282	m10001	1	挑战竞技场42	挑战4310次竞技场	6	4310	0	0	42	0	2100	0	6	42
283	m10001	1	挑战竞技场43	挑战4520次竞技场	6	4520	0	0	43	0	2150	0	6	43
284	m10001	1	挑战竞技场44	挑战4735次竞技场	6	4735	0	0	44	0	2200	0	6	44
285	m10001	1	挑战竞技场45	挑战4955次竞技场	6	4955	0	0	45	0	2250	0	6	45
286	m10001	1	挑战竞技场46	挑战5180次竞技场	6	5180	0	0	46	0	2300	0	6	46
287	m10001	1	挑战竞技场47	挑战5410次竞技场	6	5410	0	0	47	0	2350	0	6	47
288	m10001	1	挑战竞技场48	挑战5645次竞技场	6	5645	0	0	48	0	2400	0	6	48
289	m10001	1	挑战竞技场49	挑战5885次竞技场	6	5885	0	0	49	0	2450	0	6	49
290	m10001	1	挑战竞技场50	挑战6130次竞技场	6	6130	0	0	50	0	2500	0	6	50
291	m10001	1	挑战竞技场51	挑战6380次竞技场	6	6380	0	0	51	0	2550	0	6	51
292	m10001	1	挑战竞技场52	挑战6635次竞技场	6	6635	0	0	52	0	2600	0	6	52
293	m10001	1	挑战竞技场53	挑战6895次竞技场	6	6895	0	0	53	0	2650	0	6	53
294	m10001	1	挑战竞技场54	挑战7160次竞技场	6	7160	0	0	54	0	2700	0	6	54
295	m10001	1	挑战竞技场55	挑战7430次竞技场	6	7430	0	0	55	0	2750	0	6	55
296	m10001	1	挑战竞技场56	挑战7705次竞技场	6	7705	0	0	56	0	2800	0	6	56
297	m10001	1	挑战竞技场57	挑战7985次竞技场	6	7985	0	0	57	0	2850	0	6	57
298	m10001	1	挑战竞技场58	挑战8270次竞技场	6	8270	0	0	58	0	2900	0	6	58
299	m10001	1	挑战竞技场59	挑战8560次竞技场	6	8560	0	0	59	0	2950	0	6	59
300	m10001	1	挑战竞技场60	挑战8855次竞技场	6	8855	0	0	60	0	3000	0	6	60
301	m10007	1	挑战魔法堂1	挑战5次魔法堂	7	5	0	0	0	0	50	20017|1|1	7	1
302	m10007	1	挑战魔法堂2	挑战10次魔法堂	7	10	0	0	0	0	100	20017|1|2	7	2
303	m10007	1	挑战魔法堂3	挑战20次魔法堂	7	20	0	0	0	0	150	20017|1|3	7	3
304	m10007	1	挑战魔法堂4	挑战35次魔法堂	7	35	0	0	0	0	200	20017|1|4	7	4
305	m10007	1	挑战魔法堂5	挑战55次魔法堂	7	55	0	0	0	0	250	20017|1|5	7	5
306	m10007	1	挑战魔法堂6	挑战80次魔法堂	7	80	0	0	0	0	300	20017|1|6	7	6
307	m10007	1	挑战魔法堂7	挑战110次魔法堂	7	110	0	0	0	0	350	20017|1|7	7	7
308	m10007	1	挑战魔法堂8	挑战145次魔法堂	7	145	0	0	0	0	400	20017|1|8	7	8
309	m10007	1	挑战魔法堂9	挑战185次魔法堂	7	185	0	0	0	0	450	20017|1|9	7	9
310	m10007	1	挑战魔法堂10	挑战230次魔法堂	7	230	0	0	0	0	500	20017|1|10	7	10
311	m10007	1	挑战魔法堂11	挑战280次魔法堂	7	280	0	0	0	0	550	20017|1|11	7	11
312	m10007	1	挑战魔法堂12	挑战335次魔法堂	7	335	0	0	0	0	600	20017|1|12	7	12
313	m10007	1	挑战魔法堂13	挑战395次魔法堂	7	395	0	0	0	0	650	20017|1|13	7	13
314	m10007	1	挑战魔法堂14	挑战460次魔法堂	7	460	0	0	0	0	700	20017|1|14	7	14
315	m10007	1	挑战魔法堂15	挑战530次魔法堂	7	530	0	0	0	0	750	20017|1|15	7	15
316	m10007	1	挑战魔法堂16	挑战605次魔法堂	7	605	0	0	0	0	800	20017|1|16	7	16
317	m10007	1	挑战魔法堂17	挑战685次魔法堂	7	685	0	0	0	0	850	20017|1|17	7	17
318	m10007	1	挑战魔法堂18	挑战770次魔法堂	7	770	0	0	0	0	900	20017|1|18	7	18
319	m10007	1	挑战魔法堂19	挑战860次魔法堂	7	860	0	0	0	0	950	20017|1|19	7	19
320	m10007	1	挑战魔法堂20	挑战955次魔法堂	7	955	0	0	0	0	1000	20017|1|20	7	20
321	m10007	1	挑战魔法堂21	挑战1055次魔法堂	7	1055	0	0	0	0	1050	20017|1|21	7	21
322	m10007	1	挑战魔法堂22	挑战1160次魔法堂	7	1160	0	0	0	0	1100	20017|1|22	7	22
323	m10007	1	挑战魔法堂23	挑战1270次魔法堂	7	1270	0	0	0	0	1150	20017|1|23	7	23
324	m10007	1	挑战魔法堂24	挑战1385次魔法堂	7	1385	0	0	0	0	1200	20017|1|24	7	24
325	m10007	1	挑战魔法堂25	挑战1505次魔法堂	7	1505	0	0	0	0	1250	20017|1|25	7	25
326	m10007	1	挑战魔法堂26	挑战1630次魔法堂	7	1630	0	0	0	0	1300	20017|1|26	7	26
327	m10007	1	挑战魔法堂27	挑战1760次魔法堂	7	1760	0	0	0	0	1350	20017|1|27	7	27
328	m10007	1	挑战魔法堂28	挑战1895次魔法堂	7	1895	0	0	0	0	1400	20017|1|28	7	28
329	m10007	1	挑战魔法堂29	挑战2035次魔法堂	7	2035	0	0	0	0	1450	20017|1|29	7	29
330	m10007	1	挑战魔法堂30	挑战2180次魔法堂	7	2180	0	0	0	0	1500	20017|1|30	7	30
331	m10007	1	挑战魔法堂31	挑战2330次魔法堂	7	2330	0	0	0	0	1550	20017|1|31	7	31
332	m10007	1	挑战魔法堂32	挑战2485次魔法堂	7	2485	0	0	0	0	1600	20017|1|32	7	32
333	m10007	1	挑战魔法堂33	挑战2645次魔法堂	7	2645	0	0	0	0	1650	20017|1|33	7	33
334	m10007	1	挑战魔法堂34	挑战2810次魔法堂	7	2810	0	0	0	0	1700	20017|1|34	7	34
335	m10007	1	挑战魔法堂35	挑战2980次魔法堂	7	2980	0	0	0	0	1750	20017|1|35	7	35
336	m10007	1	挑战魔法堂36	挑战3155次魔法堂	7	3155	0	0	0	0	1800	20017|1|36	7	36
337	m10007	1	挑战魔法堂37	挑战3335次魔法堂	7	3335	0	0	0	0	1850	20017|1|37	7	37
338	m10007	1	挑战魔法堂38	挑战3520次魔法堂	7	3520	0	0	0	0	1900	20017|1|38	7	38
339	m10007	1	挑战魔法堂39	挑战3710次魔法堂	7	3710	0	0	0	0	1950	20017|1|39	7	39
340	m10007	1	挑战魔法堂40	挑战3905次魔法堂	7	3905	0	0	0	0	2000	20017|1|40	7	40
341	m10007	1	挑战魔法堂41	挑战4105次魔法堂	7	4105	0	0	0	0	2050	20017|1|41	7	41
342	m10007	1	挑战魔法堂42	挑战4310次魔法堂	7	4310	0	0	0	0	2100	20017|1|42	7	42
343	m10007	1	挑战魔法堂43	挑战4520次魔法堂	7	4520	0	0	0	0	2150	20017|1|43	7	43
344	m10007	1	挑战魔法堂44	挑战4735次魔法堂	7	4735	0	0	0	0	2200	20017|1|44	7	44
345	m10007	1	挑战魔法堂45	挑战4955次魔法堂	7	4955	0	0	0	0	2250	20017|1|45	7	45
346	m10007	1	挑战魔法堂46	挑战5180次魔法堂	7	5180	0	0	0	0	2300	20017|1|46	7	46
347	m10007	1	挑战魔法堂47	挑战5410次魔法堂	7	5410	0	0	0	0	2350	20017|1|47	7	47
348	m10007	1	挑战魔法堂48	挑战5645次魔法堂	7	5645	0	0	0	0	2400	20017|1|48	7	48
349	m10007	1	挑战魔法堂49	挑战5885次魔法堂	7	5885	0	0	0	0	2450	20017|1|49	7	49
350	m10007	1	挑战魔法堂50	挑战6130次魔法堂	7	6130	0	0	0	0	2500	20017|1|50	7	50
351	m10007	1	挑战魔法堂51	挑战6380次魔法堂	7	6380	0	0	0	0	2550	20017|1|51	7	51
352	m10007	1	挑战魔法堂52	挑战6635次魔法堂	7	6635	0	0	0	0	2600	20017|1|52	7	52
353	m10007	1	挑战魔法堂53	挑战6895次魔法堂	7	6895	0	0	0	0	2650	20017|1|53	7	53
354	m10007	1	挑战魔法堂54	挑战7160次魔法堂	7	7160	0	0	0	0	2700	20017|1|54	7	54
355	m10007	1	挑战魔法堂55	挑战7430次魔法堂	7	7430	0	0	0	0	2750	20017|1|55	7	55
356	m10007	1	挑战魔法堂56	挑战7705次魔法堂	7	7705	0	0	0	0	2800	20017|1|56	7	56
357	m10007	1	挑战魔法堂57	挑战7985次魔法堂	7	7985	0	0	0	0	2850	20017|1|57	7	57
358	m10007	1	挑战魔法堂58	挑战8270次魔法堂	7	8270	0	0	0	0	2900	20017|1|58	7	58
359	m10007	1	挑战魔法堂59	挑战8560次魔法堂	7	8560	0	0	0	0	2950	20017|1|59	7	59
360	m10007	1	挑战魔法堂60	挑战8855次魔法堂	7	8855	0	0	0	0	3000	20017|1|60	7	60
361	m10008	1	挑战肉山1	挑战5次肉山	8	5	0	0	0	0	50	20014|1|1	8	1
362	m10008	1	挑战肉山2	挑战10次肉山	8	10	0	0	0	0	100	20014|1|2	8	2
363	m10008	1	挑战肉山3	挑战20次肉山	8	20	0	0	0	0	150	20014|1|3	8	3
364	m10008	1	挑战肉山4	挑战35次肉山	8	35	0	0	0	0	200	20014|1|4	8	4
365	m10008	1	挑战肉山5	挑战55次肉山	8	55	0	0	0	0	250	20014|1|5	8	5
366	m10008	1	挑战肉山6	挑战80次肉山	8	80	0	0	0	0	300	20014|1|6	8	6
367	m10008	1	挑战肉山7	挑战110次肉山	8	110	0	0	0	0	350	20014|1|7	8	7
368	m10008	1	挑战肉山8	挑战145次肉山	8	145	0	0	0	0	400	20014|1|8	8	8
369	m10008	1	挑战肉山9	挑战185次肉山	8	185	0	0	0	0	450	20014|1|9	8	9
370	m10008	1	挑战肉山10	挑战230次肉山	8	230	0	0	0	0	500	20014|1|10	8	10
371	m10008	1	挑战肉山11	挑战280次肉山	8	280	0	0	0	0	550	20014|1|11	8	11
372	m10008	1	挑战肉山12	挑战335次肉山	8	335	0	0	0	0	600	20014|1|12	8	12
373	m10008	1	挑战肉山13	挑战395次肉山	8	395	0	0	0	0	650	20014|1|13	8	13
374	m10008	1	挑战肉山14	挑战460次肉山	8	460	0	0	0	0	700	20014|1|14	8	14
375	m10008	1	挑战肉山15	挑战530次肉山	8	530	0	0	0	0	750	20014|1|15	8	15
376	m10008	1	挑战肉山16	挑战605次肉山	8	605	0	0	0	0	800	20014|1|16	8	16
377	m10008	1	挑战肉山17	挑战685次肉山	8	685	0	0	0	0	850	20014|1|17	8	17
378	m10008	1	挑战肉山18	挑战770次肉山	8	770	0	0	0	0	900	20014|1|18	8	18
379	m10008	1	挑战肉山19	挑战860次肉山	8	860	0	0	0	0	950	20014|1|19	8	19
380	m10008	1	挑战肉山20	挑战955次肉山	8	955	0	0	0	0	1000	20014|1|20	8	20
381	m10008	1	挑战肉山21	挑战1055次肉山	8	1055	0	0	0	0	1050	20014|1|21	8	21
382	m10008	1	挑战肉山22	挑战1160次肉山	8	1160	0	0	0	0	1100	20014|1|22	8	22
383	m10008	1	挑战肉山23	挑战1270次肉山	8	1270	0	0	0	0	1150	20014|1|23	8	23
384	m10008	1	挑战肉山24	挑战1385次肉山	8	1385	0	0	0	0	1200	20014|1|24	8	24
385	m10008	1	挑战肉山25	挑战1505次肉山	8	1505	0	0	0	0	1250	20014|1|25	8	25
386	m10008	1	挑战肉山26	挑战1630次肉山	8	1630	0	0	0	0	1300	20014|1|26	8	26
387	m10008	1	挑战肉山27	挑战1760次肉山	8	1760	0	0	0	0	1350	20014|1|27	8	27
388	m10008	1	挑战肉山28	挑战1895次肉山	8	1895	0	0	0	0	1400	20014|1|28	8	28
389	m10008	1	挑战肉山29	挑战2035次肉山	8	2035	0	0	0	0	1450	20014|1|29	8	29
390	m10008	1	挑战肉山30	挑战2180次肉山	8	2180	0	0	0	0	1500	20014|1|30	8	30
391	m10008	1	挑战肉山31	挑战2330次肉山	8	2330	0	0	0	0	1550	20014|1|31	8	31
392	m10008	1	挑战肉山32	挑战2485次肉山	8	2485	0	0	0	0	1600	20014|1|32	8	32
393	m10008	1	挑战肉山33	挑战2645次肉山	8	2645	0	0	0	0	1650	20014|1|33	8	33
394	m10008	1	挑战肉山34	挑战2810次肉山	8	2810	0	0	0	0	1700	20014|1|34	8	34
395	m10008	1	挑战肉山35	挑战2980次肉山	8	2980	0	0	0	0	1750	20014|1|35	8	35
396	m10008	1	挑战肉山36	挑战3155次肉山	8	3155	0	0	0	0	1800	20014|1|36	8	36
397	m10008	1	挑战肉山37	挑战3335次肉山	8	3335	0	0	0	0	1850	20014|1|37	8	37
398	m10008	1	挑战肉山38	挑战3520次肉山	8	3520	0	0	0	0	1900	20014|1|38	8	38
399	m10008	1	挑战肉山39	挑战3710次肉山	8	3710	0	0	0	0	1950	20014|1|39	8	39
400	m10008	1	挑战肉山40	挑战3905次肉山	8	3905	0	0	0	0	2000	20014|1|40	8	40
401	m10008	1	挑战肉山41	挑战4105次肉山	8	4105	0	0	0	0	2050	20014|1|41	8	41
402	m10008	1	挑战肉山42	挑战4310次肉山	8	4310	0	0	0	0	2100	20014|1|42	8	42
403	m10008	1	挑战肉山43	挑战4520次肉山	8	4520	0	0	0	0	2150	20014|1|43	8	43
404	m10008	1	挑战肉山44	挑战4735次肉山	8	4735	0	0	0	0	2200	20014|1|44	8	44
405	m10008	1	挑战肉山45	挑战4955次肉山	8	4955	0	0	0	0	2250	20014|1|45	8	45
406	m10008	1	挑战肉山46	挑战5180次肉山	8	5180	0	0	0	0	2300	20014|1|46	8	46
407	m10008	1	挑战肉山47	挑战5410次肉山	8	5410	0	0	0	0	2350	20014|1|47	8	47
408	m10008	1	挑战肉山48	挑战5645次肉山	8	5645	0	0	0	0	2400	20014|1|48	8	48
409	m10008	1	挑战肉山49	挑战5885次肉山	8	5885	0	0	0	0	2450	20014|1|49	8	49
410	m10008	1	挑战肉山50	挑战6130次肉山	8	6130	0	0	0	0	2500	20014|1|50	8	50
411	m10008	1	挑战肉山51	挑战6380次肉山	8	6380	0	0	0	0	2550	20014|1|51	8	51
412	m10008	1	挑战肉山52	挑战6635次肉山	8	6635	0	0	0	0	2600	20014|1|52	8	52
413	m10008	1	挑战肉山53	挑战6895次肉山	8	6895	0	0	0	0	2650	20014|1|53	8	53
414	m10008	1	挑战肉山54	挑战7160次肉山	8	7160	0	0	0	0	2700	20014|1|54	8	54
415	m10008	1	挑战肉山55	挑战7430次肉山	8	7430	0	0	0	0	2750	20014|1|55	8	55
416	m10008	1	挑战肉山56	挑战7705次肉山	8	7705	0	0	0	0	2800	20014|1|56	8	56
417	m10008	1	挑战肉山57	挑战7985次肉山	8	7985	0	0	0	0	2850	20014|1|57	8	57
418	m10008	1	挑战肉山58	挑战8270次肉山	8	8270	0	0	0	0	2900	20014|1|58	8	58
419	m10008	1	挑战肉山59	挑战8560次肉山	8	8560	0	0	0	0	2950	20014|1|59	8	59
420	m10008	1	挑战肉山60	挑战8855次肉山	8	8855	0	0	0	0	3000	20014|1|60	8	60
421	m10009	1	挑战野区1	挑战5次野区	9	5	0	0	0	0	50	20020|1|1	9	1
422	m10009	1	挑战野区2	挑战10次野区	9	10	0	0	0	0	100	20020|1|2	9	2
423	m10009	1	挑战野区3	挑战20次野区	9	20	0	0	0	0	150	20020|1|3	9	3
424	m10009	1	挑战野区4	挑战35次野区	9	35	0	0	0	0	200	20020|1|4	9	4
425	m10009	1	挑战野区5	挑战55次野区	9	55	0	0	0	0	250	20020|1|5	9	5
426	m10009	1	挑战野区6	挑战80次野区	9	80	0	0	0	0	300	20020|1|6	9	6
427	m10009	1	挑战野区7	挑战110次野区	9	110	0	0	0	0	350	20020|1|7	9	7
428	m10009	1	挑战野区8	挑战145次野区	9	145	0	0	0	0	400	20020|1|8	9	8
429	m10009	1	挑战野区9	挑战185次野区	9	185	0	0	0	0	450	20020|1|9	9	9
430	m10009	1	挑战野区10	挑战230次野区	9	230	0	0	0	0	500	20020|1|10	9	10
431	m10009	1	挑战野区11	挑战280次野区	9	280	0	0	0	0	550	20020|1|11	9	11
432	m10009	1	挑战野区12	挑战335次野区	9	335	0	0	0	0	600	20020|1|12	9	12
433	m10009	1	挑战野区13	挑战395次野区	9	395	0	0	0	0	650	20020|1|13	9	13
434	m10009	1	挑战野区14	挑战460次野区	9	460	0	0	0	0	700	20020|1|14	9	14
435	m10009	1	挑战野区15	挑战530次野区	9	530	0	0	0	0	750	20020|1|15	9	15
436	m10009	1	挑战野区16	挑战605次野区	9	605	0	0	0	0	800	20020|1|16	9	16
437	m10009	1	挑战野区17	挑战685次野区	9	685	0	0	0	0	850	20020|1|17	9	17
438	m10009	1	挑战野区18	挑战770次野区	9	770	0	0	0	0	900	20020|1|18	9	18
439	m10009	1	挑战野区19	挑战860次野区	9	860	0	0	0	0	950	20020|1|19	9	19
440	m10009	1	挑战野区20	挑战955次野区	9	955	0	0	0	0	1000	20020|1|20	9	20
441	m10009	1	挑战野区21	挑战1055次野区	9	1055	0	0	0	0	1050	20020|1|21	9	21
442	m10009	1	挑战野区22	挑战1160次野区	9	1160	0	0	0	0	1100	20020|1|22	9	22
443	m10009	1	挑战野区23	挑战1270次野区	9	1270	0	0	0	0	1150	20020|1|23	9	23
444	m10009	1	挑战野区24	挑战1385次野区	9	1385	0	0	0	0	1200	20020|1|24	9	24
445	m10009	1	挑战野区25	挑战1505次野区	9	1505	0	0	0	0	1250	20020|1|25	9	25
446	m10009	1	挑战野区26	挑战1630次野区	9	1630	0	0	0	0	1300	20020|1|26	9	26
447	m10009	1	挑战野区27	挑战1760次野区	9	1760	0	0	0	0	1350	20020|1|27	9	27
448	m10009	1	挑战野区28	挑战1895次野区	9	1895	0	0	0	0	1400	20020|1|28	9	28
449	m10009	1	挑战野区29	挑战2035次野区	9	2035	0	0	0	0	1450	20020|1|29	9	29
450	m10009	1	挑战野区30	挑战2180次野区	9	2180	0	0	0	0	1500	20020|1|30	9	30
451	m10009	1	挑战野区31	挑战2330次野区	9	2330	0	0	0	0	1550	20020|1|31	9	31
452	m10009	1	挑战野区32	挑战2485次野区	9	2485	0	0	0	0	1600	20020|1|32	9	32
453	m10009	1	挑战野区33	挑战2645次野区	9	2645	0	0	0	0	1650	20020|1|33	9	33
454	m10009	1	挑战野区34	挑战2810次野区	9	2810	0	0	0	0	1700	20020|1|34	9	34
455	m10009	1	挑战野区35	挑战2980次野区	9	2980	0	0	0	0	1750	20020|1|35	9	35
456	m10009	1	挑战野区36	挑战3155次野区	9	3155	0	0	0	0	1800	20020|1|36	9	36
457	m10009	1	挑战野区37	挑战3335次野区	9	3335	0	0	0	0	1850	20020|1|37	9	37
458	m10009	1	挑战野区38	挑战3520次野区	9	3520	0	0	0	0	1900	20020|1|38	9	38
459	m10009	1	挑战野区39	挑战3710次野区	9	3710	0	0	0	0	1950	20020|1|39	9	39
460	m10009	1	挑战野区40	挑战3905次野区	9	3905	0	0	0	0	2000	20020|1|40	9	40
461	m10009	1	挑战野区41	挑战4105次野区	9	4105	0	0	0	0	2050	20020|1|41	9	41
462	m10009	1	挑战野区42	挑战4310次野区	9	4310	0	0	0	0	2100	20020|1|42	9	42
463	m10009	1	挑战野区43	挑战4520次野区	9	4520	0	0	0	0	2150	20020|1|43	9	43
464	m10009	1	挑战野区44	挑战4735次野区	9	4735	0	0	0	0	2200	20020|1|44	9	44
465	m10009	1	挑战野区45	挑战4955次野区	9	4955	0	0	0	0	2250	20020|1|45	9	45
466	m10009	1	挑战野区46	挑战5180次野区	9	5180	0	0	0	0	2300	20020|1|46	9	46
467	m10009	1	挑战野区47	挑战5410次野区	9	5410	0	0	0	0	2350	20020|1|47	9	47
468	m10009	1	挑战野区48	挑战5645次野区	9	5645	0	0	0	0	2400	20020|1|48	9	48
469	m10009	1	挑战野区49	挑战5885次野区	9	5885	0	0	0	0	2450	20020|1|49	9	49
470	m10009	1	挑战野区50	挑战6130次野区	9	6130	0	0	0	0	2500	20020|1|50	9	50
471	m10009	1	挑战野区51	挑战6380次野区	9	6380	0	0	0	0	2550	20020|1|51	9	51
472	m10009	1	挑战野区52	挑战6635次野区	9	6635	0	0	0	0	2600	20020|1|52	9	52
473	m10009	1	挑战野区53	挑战6895次野区	9	6895	0	0	0	0	2650	20020|1|53	9	53
474	m10009	1	挑战野区54	挑战7160次野区	9	7160	0	0	0	0	2700	20020|1|54	9	54
475	m10009	1	挑战野区55	挑战7430次野区	9	7430	0	0	0	0	2750	20020|1|55	9	55
476	m10009	1	挑战野区56	挑战7705次野区	9	7705	0	0	0	0	2800	20020|1|56	9	56
477	m10009	1	挑战野区57	挑战7985次野区	9	7985	0	0	0	0	2850	20020|1|57	9	57
478	m10009	1	挑战野区58	挑战8270次野区	9	8270	0	0	0	0	2900	20020|1|58	9	58
479	m10009	1	挑战野区59	挑战8560次野区	9	8560	0	0	0	0	2950	20020|1|59	9	59
480	m10009	1	挑战野区60	挑战8855次野区	9	8855	0	0	0	0	3000	20020|1|60	9	60
481	m10010	1	抓捕奴隶1	抓捕5次奴隶	10	5	0	0	0	0	50	20008|1|5	10	1
482	m10010	1	抓捕奴隶2	抓捕10次奴隶	10	10	0	0	0	0	100	20008|1|10	10	2
483	m10010	1	抓捕奴隶3	抓捕20次奴隶	10	20	0	0	0	0	150	20008|1|15	10	3
484	m10010	1	抓捕奴隶4	抓捕35次奴隶	10	35	0	0	0	0	200	20008|1|20	10	4
485	m10010	1	抓捕奴隶5	抓捕55次奴隶	10	55	0	0	0	0	250	20008|1|25	10	5
486	m10010	1	抓捕奴隶6	抓捕80次奴隶	10	80	0	0	0	0	300	20008|1|30	10	6
487	m10010	1	抓捕奴隶7	抓捕110次奴隶	10	110	0	0	0	0	350	20008|1|35	10	7
488	m10010	1	抓捕奴隶8	抓捕145次奴隶	10	145	0	0	0	0	400	20008|1|40	10	8
489	m10010	1	抓捕奴隶9	抓捕185次奴隶	10	185	0	0	0	0	450	20008|1|45	10	9
490	m10010	1	抓捕奴隶10	抓捕230次奴隶	10	230	0	0	0	0	500	20008|1|50	10	10
491	m10010	1	抓捕奴隶11	抓捕280次奴隶	10	280	0	0	0	0	550	20008|1|55	10	11
492	m10010	1	抓捕奴隶12	抓捕335次奴隶	10	335	0	0	0	0	600	20008|1|60	10	12
493	m10010	1	抓捕奴隶13	抓捕395次奴隶	10	395	0	0	0	0	650	20008|1|65	10	13
494	m10010	1	抓捕奴隶14	抓捕460次奴隶	10	460	0	0	0	0	700	20008|1|70	10	14
495	m10010	1	抓捕奴隶15	抓捕530次奴隶	10	530	0	0	0	0	750	20008|1|75	10	15
496	m10010	1	抓捕奴隶16	抓捕605次奴隶	10	605	0	0	0	0	800	20008|1|80	10	16
497	m10010	1	抓捕奴隶17	抓捕685次奴隶	10	685	0	0	0	0	850	20008|1|85	10	17
498	m10010	1	抓捕奴隶18	抓捕770次奴隶	10	770	0	0	0	0	900	20008|1|90	10	18
499	m10010	1	抓捕奴隶19	抓捕860次奴隶	10	860	0	0	0	0	950	20008|1|95	10	19
500	m10010	1	抓捕奴隶20	抓捕955次奴隶	10	955	0	0	0	0	1000	20008|1|100	10	20
501	m10010	1	抓捕奴隶21	抓捕1055次奴隶	10	1055	0	0	0	0	1050	20008|1|105	10	21
502	m10010	1	抓捕奴隶22	抓捕1160次奴隶	10	1160	0	0	0	0	1100	20008|1|110	10	22
503	m10010	1	抓捕奴隶23	抓捕1270次奴隶	10	1270	0	0	0	0	1150	20008|1|115	10	23
504	m10010	1	抓捕奴隶24	抓捕1385次奴隶	10	1385	0	0	0	0	1200	20008|1|120	10	24
505	m10010	1	抓捕奴隶25	抓捕1505次奴隶	10	1505	0	0	0	0	1250	20008|1|125	10	25
506	m10010	1	抓捕奴隶26	抓捕1630次奴隶	10	1630	0	0	0	0	1300	20008|1|130	10	26
507	m10010	1	抓捕奴隶27	抓捕1760次奴隶	10	1760	0	0	0	0	1350	20008|1|135	10	27
508	m10010	1	抓捕奴隶28	抓捕1895次奴隶	10	1895	0	0	0	0	1400	20008|1|140	10	28
509	m10010	1	抓捕奴隶29	抓捕2035次奴隶	10	2035	0	0	0	0	1450	20008|1|145	10	29
510	m10010	1	抓捕奴隶30	抓捕2180次奴隶	10	2180	0	0	0	0	1500	20008|1|150	10	30
511	m10010	1	抓捕奴隶31	抓捕2330次奴隶	10	2330	0	0	0	0	1550	20008|1|155	10	31
512	m10010	1	抓捕奴隶32	抓捕2485次奴隶	10	2485	0	0	0	0	1600	20008|1|160	10	32
513	m10010	1	抓捕奴隶33	抓捕2645次奴隶	10	2645	0	0	0	0	1650	20008|1|165	10	33
514	m10010	1	抓捕奴隶34	抓捕2810次奴隶	10	2810	0	0	0	0	1700	20008|1|170	10	34
515	m10010	1	抓捕奴隶35	抓捕2980次奴隶	10	2980	0	0	0	0	1750	20008|1|175	10	35
516	m10010	1	抓捕奴隶36	抓捕3155次奴隶	10	3155	0	0	0	0	1800	20008|1|180	10	36
517	m10010	1	抓捕奴隶37	抓捕3335次奴隶	10	3335	0	0	0	0	1850	20008|1|185	10	37
518	m10010	1	抓捕奴隶38	抓捕3520次奴隶	10	3520	0	0	0	0	1900	20008|1|190	10	38
519	m10010	1	抓捕奴隶39	抓捕3710次奴隶	10	3710	0	0	0	0	1950	20008|1|195	10	39
520	m10010	1	抓捕奴隶40	抓捕3905次奴隶	10	3905	0	0	0	0	2000	20008|1|200	10	40
521	m10010	1	抓捕奴隶41	抓捕4105次奴隶	10	4105	0	0	0	0	2050	20008|1|205	10	41
522	m10010	1	抓捕奴隶42	抓捕4310次奴隶	10	4310	0	0	0	0	2100	20008|1|210	10	42
523	m10010	1	抓捕奴隶43	抓捕4520次奴隶	10	4520	0	0	0	0	2150	20008|1|215	10	43
524	m10010	1	抓捕奴隶44	抓捕4735次奴隶	10	4735	0	0	0	0	2200	20008|1|220	10	44
525	m10010	1	抓捕奴隶45	抓捕4955次奴隶	10	4955	0	0	0	0	2250	20008|1|225	10	45
526	m10010	1	抓捕奴隶46	抓捕5180次奴隶	10	5180	0	0	0	0	2300	20008|1|230	10	46
527	m10010	1	抓捕奴隶47	抓捕5410次奴隶	10	5410	0	0	0	0	2350	20008|1|235	10	47
528	m10010	1	抓捕奴隶48	抓捕5645次奴隶	10	5645	0	0	0	0	2400	20008|1|240	10	48
529	m10010	1	抓捕奴隶49	抓捕5885次奴隶	10	5885	0	0	0	0	2450	20008|1|245	10	49
530	m10010	1	抓捕奴隶50	抓捕6130次奴隶	10	6130	0	0	0	0	2500	20008|1|250	10	50
531	m10010	1	抓捕奴隶51	抓捕6380次奴隶	10	6380	0	0	0	0	2550	20008|1|255	10	51
532	m10010	1	抓捕奴隶52	抓捕6635次奴隶	10	6635	0	0	0	0	2600	20008|1|260	10	52
533	m10010	1	抓捕奴隶53	抓捕6895次奴隶	10	6895	0	0	0	0	2650	20008|1|265	10	53
534	m10010	1	抓捕奴隶54	抓捕7160次奴隶	10	7160	0	0	0	0	2700	20008|1|270	10	54
535	m10010	1	抓捕奴隶55	抓捕7430次奴隶	10	7430	0	0	0	0	2750	20008|1|275	10	55
536	m10010	1	抓捕奴隶56	抓捕7705次奴隶	10	7705	0	0	0	0	2800	20008|1|280	10	56
537	m10010	1	抓捕奴隶57	抓捕7985次奴隶	10	7985	0	0	0	0	2850	20008|1|285	10	57
538	m10010	1	抓捕奴隶58	抓捕8270次奴隶	10	8270	0	0	0	0	2900	20008|1|290	10	58
539	m10010	1	抓捕奴隶59	抓捕8560次奴隶	10	8560	0	0	0	0	2950	20008|1|295	10	59
540	m10010	1	抓捕奴隶60	抓捕8855次奴隶	10	8855	0	0	0	0	3000	20008|1|300	10	60
541	m10011	1	采集银矿1	采集5次银矿	11	5	0	50	0	0	50	0	11	1
542	m10011	1	采集银矿2	采集10次银矿	11	10	0	100	0	0	100	0	11	2
543	m10011	1	采集银矿3	采集20次银矿	11	20	0	150	0	0	150	0	11	3
544	m10011	1	采集银矿4	采集35次银矿	11	35	0	200	0	0	200	0	11	4
545	m10011	1	采集银矿5	采集55次银矿	11	55	0	250	0	0	250	0	11	5
546	m10011	1	采集银矿6	采集80次银矿	11	80	0	300	0	0	300	0	11	6
547	m10011	1	采集银矿7	采集110次银矿	11	110	0	350	0	0	350	0	11	7
548	m10011	1	采集银矿8	采集145次银矿	11	145	0	400	0	0	400	0	11	8
549	m10011	1	采集银矿9	采集185次银矿	11	185	0	450	0	0	450	0	11	9
550	m10011	1	采集银矿10	采集230次银矿	11	230	0	500	0	0	500	0	11	10
551	m10011	1	采集银矿11	采集280次银矿	11	280	0	550	0	0	550	0	11	11
552	m10011	1	采集银矿12	采集335次银矿	11	335	0	600	0	0	600	0	11	12
553	m10011	1	采集银矿13	采集395次银矿	11	395	0	650	0	0	650	0	11	13
554	m10011	1	采集银矿14	采集460次银矿	11	460	0	700	0	0	700	0	11	14
555	m10011	1	采集银矿15	采集530次银矿	11	530	0	750	0	0	750	0	11	15
556	m10011	1	采集银矿16	采集605次银矿	11	605	0	800	0	0	800	0	11	16
557	m10011	1	采集银矿17	采集685次银矿	11	685	0	850	0	0	850	0	11	17
558	m10011	1	采集银矿18	采集770次银矿	11	770	0	900	0	0	900	0	11	18
559	m10011	1	采集银矿19	采集860次银矿	11	860	0	950	0	0	950	0	11	19
560	m10011	1	采集银矿20	采集955次银矿	11	955	0	1000	0	0	1000	0	11	20
561	m10011	1	采集银矿21	采集1055次银矿	11	1055	0	1050	0	0	1050	0	11	21
562	m10011	1	采集银矿22	采集1160次银矿	11	1160	0	1100	0	0	1100	0	11	22
563	m10011	1	采集银矿23	采集1270次银矿	11	1270	0	1150	0	0	1150	0	11	23
564	m10011	1	采集银矿24	采集1385次银矿	11	1385	0	1200	0	0	1200	0	11	24
565	m10011	1	采集银矿25	采集1505次银矿	11	1505	0	1250	0	0	1250	0	11	25
566	m10011	1	采集银矿26	采集1630次银矿	11	1630	0	1300	0	0	1300	0	11	26
567	m10011	1	采集银矿27	采集1760次银矿	11	1760	0	1350	0	0	1350	0	11	27
568	m10011	1	采集银矿28	采集1895次银矿	11	1895	0	1400	0	0	1400	0	11	28
569	m10011	1	采集银矿29	采集2035次银矿	11	2035	0	1450	0	0	1450	0	11	29
570	m10011	1	采集银矿30	采集2180次银矿	11	2180	0	1500	0	0	1500	0	11	30
571	m10011	1	采集银矿31	采集2330次银矿	11	2330	0	1550	0	0	1550	0	11	31
572	m10011	1	采集银矿32	采集2485次银矿	11	2485	0	1600	0	0	1600	0	11	32
573	m10011	1	采集银矿33	采集2645次银矿	11	2645	0	1650	0	0	1650	0	11	33
574	m10011	1	采集银矿34	采集2810次银矿	11	2810	0	1700	0	0	1700	0	11	34
575	m10011	1	采集银矿35	采集2980次银矿	11	2980	0	1750	0	0	1750	0	11	35
576	m10011	1	采集银矿36	采集3155次银矿	11	3155	0	1800	0	0	1800	0	11	36
577	m10011	1	采集银矿37	采集3335次银矿	11	3335	0	1850	0	0	1850	0	11	37
578	m10011	1	采集银矿38	采集3520次银矿	11	3520	0	1900	0	0	1900	0	11	38
579	m10011	1	采集银矿39	采集3710次银矿	11	3710	0	1950	0	0	1950	0	11	39
580	m10011	1	采集银矿40	采集3905次银矿	11	3905	0	2000	0	0	2000	0	11	40
581	m10011	1	采集银矿41	采集4105次银矿	11	4105	0	2050	0	0	2050	0	11	41
582	m10011	1	采集银矿42	采集4310次银矿	11	4310	0	2100	0	0	2100	0	11	42
583	m10011	1	采集银矿43	采集4520次银矿	11	4520	0	2150	0	0	2150	0	11	43
584	m10011	1	采集银矿44	采集4735次银矿	11	4735	0	2200	0	0	2200	0	11	44
585	m10011	1	采集银矿45	采集4955次银矿	11	4955	0	2250	0	0	2250	0	11	45
586	m10011	1	采集银矿46	采集5180次银矿	11	5180	0	2300	0	0	2300	0	11	46
587	m10011	1	采集银矿47	采集5410次银矿	11	5410	0	2350	0	0	2350	0	11	47
588	m10011	1	采集银矿48	采集5645次银矿	11	5645	0	2400	0	0	2400	0	11	48
589	m10011	1	采集银矿49	采集5885次银矿	11	5885	0	2450	0	0	2450	0	11	49
590	m10011	1	采集银矿50	采集6130次银矿	11	6130	0	2500	0	0	2500	0	11	50
591	m10011	1	采集银矿51	采集6380次银矿	11	6380	0	2550	0	0	2550	0	11	51
592	m10011	1	采集银矿52	采集6635次银矿	11	6635	0	2600	0	0	2600	0	11	52
593	m10011	1	采集银矿53	采集6895次银矿	11	6895	0	2650	0	0	2650	0	11	53
594	m10011	1	采集银矿54	采集7160次银矿	11	7160	0	2700	0	0	2700	0	11	54
595	m10011	1	采集银矿55	采集7430次银矿	11	7430	0	2750	0	0	2750	0	11	55
596	m10011	1	采集银矿56	采集7705次银矿	11	7705	0	2800	0	0	2800	0	11	56
597	m10011	1	采集银矿57	采集7985次银矿	11	7985	0	2850	0	0	2850	0	11	57
598	m10011	1	采集银矿58	采集8270次银矿	11	8270	0	2900	0	0	2900	0	11	58
599	m10011	1	采集银矿59	采集8560次银矿	11	8560	0	2950	0	0	2950	0	11	59
600	m10011	1	采集银矿60	采集8855次银矿	11	8855	0	3000	0	0	3000	0	11	60
601	m10012	1	掠夺银矿1	掠夺5次其他玩家银矿	12	5	0	50	0	0	50	0	12	1
602	m10012	1	掠夺银矿2	掠夺10次其他玩家银矿	12	10	0	100	0	0	100	0	12	2
603	m10012	1	掠夺银矿3	掠夺20次其他玩家银矿	12	20	0	150	0	0	150	0	12	3
604	m10012	1	掠夺银矿4	掠夺35次其他玩家银矿	12	35	0	200	0	0	200	0	12	4
605	m10012	1	掠夺银矿5	掠夺55次其他玩家银矿	12	55	0	250	0	0	250	0	12	5
606	m10012	1	掠夺银矿6	掠夺80次其他玩家银矿	12	80	0	300	0	0	300	0	12	6
607	m10012	1	掠夺银矿7	掠夺110次其他玩家银矿	12	110	0	350	0	0	350	0	12	7
608	m10012	1	掠夺银矿8	掠夺145次其他玩家银矿	12	145	0	400	0	0	400	0	12	8
609	m10012	1	掠夺银矿9	掠夺185次其他玩家银矿	12	185	0	450	0	0	450	0	12	9
610	m10012	1	掠夺银矿10	掠夺230次其他玩家银矿	12	230	0	500	0	0	500	0	12	10
611	m10012	1	掠夺银矿11	掠夺280次其他玩家银矿	12	280	0	550	0	0	550	0	12	11
612	m10012	1	掠夺银矿12	掠夺335次其他玩家银矿	12	335	0	600	0	0	600	0	12	12
613	m10012	1	掠夺银矿13	掠夺395次其他玩家银矿	12	395	0	650	0	0	650	0	12	13
614	m10012	1	掠夺银矿14	掠夺460次其他玩家银矿	12	460	0	700	0	0	700	0	12	14
615	m10012	1	掠夺银矿15	掠夺530次其他玩家银矿	12	530	0	750	0	0	750	0	12	15
616	m10012	1	掠夺银矿16	掠夺605次其他玩家银矿	12	605	0	800	0	0	800	0	12	16
617	m10012	1	掠夺银矿17	掠夺685次其他玩家银矿	12	685	0	850	0	0	850	0	12	17
618	m10012	1	掠夺银矿18	掠夺770次其他玩家银矿	12	770	0	900	0	0	900	0	12	18
619	m10012	1	掠夺银矿19	掠夺860次其他玩家银矿	12	860	0	950	0	0	950	0	12	19
620	m10012	1	掠夺银矿20	掠夺955次其他玩家银矿	12	955	0	1000	0	0	1000	0	12	20
621	m10012	1	掠夺银矿21	掠夺1055次其他玩家银矿	12	1055	0	1050	0	0	1050	0	12	21
622	m10012	1	掠夺银矿22	掠夺1160次其他玩家银矿	12	1160	0	1100	0	0	1100	0	12	22
623	m10012	1	掠夺银矿23	掠夺1270次其他玩家银矿	12	1270	0	1150	0	0	1150	0	12	23
624	m10012	1	掠夺银矿24	掠夺1385次其他玩家银矿	12	1385	0	1200	0	0	1200	0	12	24
625	m10012	1	掠夺银矿25	掠夺1505次其他玩家银矿	12	1505	0	1250	0	0	1250	0	12	25
626	m10012	1	掠夺银矿26	掠夺1630次其他玩家银矿	12	1630	0	1300	0	0	1300	0	12	26
627	m10012	1	掠夺银矿27	掠夺1760次其他玩家银矿	12	1760	0	1350	0	0	1350	0	12	27
628	m10012	1	掠夺银矿28	掠夺1895次其他玩家银矿	12	1895	0	1400	0	0	1400	0	12	28
629	m10012	1	掠夺银矿29	掠夺2035次其他玩家银矿	12	2035	0	1450	0	0	1450	0	12	29
630	m10012	1	掠夺银矿30	掠夺2180次其他玩家银矿	12	2180	0	1500	0	0	1500	0	12	30
631	m10012	1	掠夺银矿31	掠夺2330次其他玩家银矿	12	2330	0	1550	0	0	1550	0	12	31
632	m10012	1	掠夺银矿32	掠夺2485次其他玩家银矿	12	2485	0	1600	0	0	1600	0	12	32
633	m10012	1	掠夺银矿33	掠夺2645次其他玩家银矿	12	2645	0	1650	0	0	1650	0	12	33
634	m10012	1	掠夺银矿34	掠夺2810次其他玩家银矿	12	2810	0	1700	0	0	1700	0	12	34
635	m10012	1	掠夺银矿35	掠夺2980次其他玩家银矿	12	2980	0	1750	0	0	1750	0	12	35
636	m10012	1	掠夺银矿36	掠夺3155次其他玩家银矿	12	3155	0	1800	0	0	1800	0	12	36
637	m10012	1	掠夺银矿37	掠夺3335次其他玩家银矿	12	3335	0	1850	0	0	1850	0	12	37
638	m10012	1	掠夺银矿38	掠夺3520次其他玩家银矿	12	3520	0	1900	0	0	1900	0	12	38
639	m10012	1	掠夺银矿39	掠夺3710次其他玩家银矿	12	3710	0	1950	0	0	1950	0	12	39
640	m10012	1	掠夺银矿40	掠夺3905次其他玩家银矿	12	3905	0	2000	0	0	2000	0	12	40
641	m10012	1	掠夺银矿41	掠夺4105次其他玩家银矿	12	4105	0	2050	0	0	2050	0	12	41
642	m10012	1	掠夺银矿42	掠夺4310次其他玩家银矿	12	4310	0	2100	0	0	2100	0	12	42
643	m10012	1	掠夺银矿43	掠夺4520次其他玩家银矿	12	4520	0	2150	0	0	2150	0	12	43
644	m10012	1	掠夺银矿44	掠夺4735次其他玩家银矿	12	4735	0	2200	0	0	2200	0	12	44
645	m10012	1	掠夺银矿45	掠夺4955次其他玩家银矿	12	4955	0	2250	0	0	2250	0	12	45
646	m10012	1	掠夺银矿46	掠夺5180次其他玩家银矿	12	5180	0	2300	0	0	2300	0	12	46
647	m10012	1	掠夺银矿47	掠夺5410次其他玩家银矿	12	5410	0	2350	0	0	2350	0	12	47
648	m10012	1	掠夺银矿48	掠夺5645次其他玩家银矿	12	5645	0	2400	0	0	2400	0	12	48
649	m10012	1	掠夺银矿49	掠夺5885次其他玩家银矿	12	5885	0	2450	0	0	2450	0	12	49
650	m10012	1	掠夺银矿50	掠夺6130次其他玩家银矿	12	6130	0	2500	0	0	2500	0	12	50
651	m10012	1	掠夺银矿51	掠夺6380次其他玩家银矿	12	6380	0	2550	0	0	2550	0	12	51
652	m10012	1	掠夺银矿52	掠夺6635次其他玩家银矿	12	6635	0	2600	0	0	2600	0	12	52
653	m10012	1	掠夺银矿53	掠夺6895次其他玩家银矿	12	6895	0	2650	0	0	2650	0	12	53
654	m10012	1	掠夺银矿54	掠夺7160次其他玩家银矿	12	7160	0	2700	0	0	2700	0	12	54
655	m10012	1	掠夺银矿55	掠夺7430次其他玩家银矿	12	7430	0	2750	0	0	2750	0	12	55
656	m10012	1	掠夺银矿56	掠夺7705次其他玩家银矿	12	7705	0	2800	0	0	2800	0	12	56
657	m10012	1	掠夺银矿57	掠夺7985次其他玩家银矿	12	7985	0	2850	0	0	2850	0	12	57
658	m10012	1	掠夺银矿58	掠夺8270次其他玩家银矿	12	8270	0	2900	0	0	2900	0	12	58
659	m10012	1	掠夺银矿59	掠夺8560次其他玩家银矿	12	8560	0	2950	0	0	2950	0	12	59
660	m10012	1	掠夺银矿60	掠夺8855次其他玩家银矿	12	8855	0	3000	0	0	3000	0	12	60
661	m10013	1	使用泉水1	使用5次泉水	13	5	0	50	0	0	50	0	13	1
662	m10013	1	使用泉水2	使用10次泉水	13	10	0	100	0	0	100	0	13	2
663	m10013	1	使用泉水3	使用20次泉水	13	20	0	150	0	0	150	0	13	3
664	m10013	1	使用泉水4	使用35次泉水	13	35	0	200	0	0	200	0	13	4
665	m10013	1	使用泉水5	使用55次泉水	13	55	0	250	0	0	250	0	13	5
666	m10013	1	使用泉水6	使用80次泉水	13	80	0	300	0	0	300	0	13	6
667	m10013	1	使用泉水7	使用110次泉水	13	110	0	350	0	0	350	0	13	7
668	m10013	1	使用泉水8	使用145次泉水	13	145	0	400	0	0	400	0	13	8
669	m10013	1	使用泉水9	使用185次泉水	13	185	0	450	0	0	450	0	13	9
670	m10013	1	使用泉水10	使用230次泉水	13	230	0	500	0	0	500	0	13	10
671	m10013	1	使用泉水11	使用280次泉水	13	280	0	550	0	0	550	0	13	11
672	m10013	1	使用泉水12	使用335次泉水	13	335	0	600	0	0	600	0	13	12
673	m10013	1	使用泉水13	使用395次泉水	13	395	0	650	0	0	650	0	13	13
674	m10013	1	使用泉水14	使用460次泉水	13	460	0	700	0	0	700	0	13	14
675	m10013	1	使用泉水15	使用530次泉水	13	530	0	750	0	0	750	0	13	15
676	m10013	1	使用泉水16	使用605次泉水	13	605	0	800	0	0	800	0	13	16
677	m10013	1	使用泉水17	使用685次泉水	13	685	0	850	0	0	850	0	13	17
678	m10013	1	使用泉水18	使用770次泉水	13	770	0	900	0	0	900	0	13	18
679	m10013	1	使用泉水19	使用860次泉水	13	860	0	950	0	0	950	0	13	19
680	m10013	1	使用泉水20	使用955次泉水	13	955	0	1000	0	0	1000	0	13	20
681	m10013	1	使用泉水21	使用1055次泉水	13	1055	0	1050	0	0	1050	0	13	21
682	m10013	1	使用泉水22	使用1160次泉水	13	1160	0	1100	0	0	1100	0	13	22
683	m10013	1	使用泉水23	使用1270次泉水	13	1270	0	1150	0	0	1150	0	13	23
684	m10013	1	使用泉水24	使用1385次泉水	13	1385	0	1200	0	0	1200	0	13	24
685	m10013	1	使用泉水25	使用1505次泉水	13	1505	0	1250	0	0	1250	0	13	25
686	m10013	1	使用泉水26	使用1630次泉水	13	1630	0	1300	0	0	1300	0	13	26
687	m10013	1	使用泉水27	使用1760次泉水	13	1760	0	1350	0	0	1350	0	13	27
688	m10013	1	使用泉水28	使用1895次泉水	13	1895	0	1400	0	0	1400	0	13	28
689	m10013	1	使用泉水29	使用2035次泉水	13	2035	0	1450	0	0	1450	0	13	29
690	m10013	1	使用泉水30	使用2180次泉水	13	2180	0	1500	0	0	1500	0	13	30
691	m10013	1	使用泉水31	使用2330次泉水	13	2330	0	1550	0	0	1550	0	13	31
692	m10013	1	使用泉水32	使用2485次泉水	13	2485	0	1600	0	0	1600	0	13	32
693	m10013	1	使用泉水33	使用2645次泉水	13	2645	0	1650	0	0	1650	0	13	33
694	m10013	1	使用泉水34	使用2810次泉水	13	2810	0	1700	0	0	1700	0	13	34
695	m10013	1	使用泉水35	使用2980次泉水	13	2980	0	1750	0	0	1750	0	13	35
696	m10013	1	使用泉水36	使用3155次泉水	13	3155	0	1800	0	0	1800	0	13	36
697	m10013	1	使用泉水37	使用3335次泉水	13	3335	0	1850	0	0	1850	0	13	37
698	m10013	1	使用泉水38	使用3520次泉水	13	3520	0	1900	0	0	1900	0	13	38
699	m10013	1	使用泉水39	使用3710次泉水	13	3710	0	1950	0	0	1950	0	13	39
700	m10013	1	使用泉水40	使用3905次泉水	13	3905	0	2000	0	0	2000	0	13	40
701	m10013	1	使用泉水41	使用4105次泉水	13	4105	0	2050	0	0	2050	0	13	41
702	m10013	1	使用泉水42	使用4310次泉水	13	4310	0	2100	0	0	2100	0	13	42
703	m10013	1	使用泉水43	使用4520次泉水	13	4520	0	2150	0	0	2150	0	13	43
704	m10013	1	使用泉水44	使用4735次泉水	13	4735	0	2200	0	0	2200	0	13	44
705	m10013	1	使用泉水45	使用4955次泉水	13	4955	0	2250	0	0	2250	0	13	45
706	m10013	1	使用泉水46	使用5180次泉水	13	5180	0	2300	0	0	2300	0	13	46
707	m10013	1	使用泉水47	使用5410次泉水	13	5410	0	2350	0	0	2350	0	13	47
708	m10013	1	使用泉水48	使用5645次泉水	13	5645	0	2400	0	0	2400	0	13	48
709	m10013	1	使用泉水49	使用5885次泉水	13	5885	0	2450	0	0	2450	0	13	49
710	m10013	1	使用泉水50	使用6130次泉水	13	6130	0	2500	0	0	2500	0	13	50
711	m10013	1	使用泉水51	使用6380次泉水	13	6380	0	2550	0	0	2550	0	13	51
712	m10013	1	使用泉水52	使用6635次泉水	13	6635	0	2600	0	0	2600	0	13	52
713	m10013	1	使用泉水53	使用6895次泉水	13	6895	0	2650	0	0	2650	0	13	53
714	m10013	1	使用泉水54	使用7160次泉水	13	7160	0	2700	0	0	2700	0	13	54
715	m10013	1	使用泉水55	使用7430次泉水	13	7430	0	2750	0	0	2750	0	13	55
716	m10013	1	使用泉水56	使用7705次泉水	13	7705	0	2800	0	0	2800	0	13	56
717	m10013	1	使用泉水57	使用7985次泉水	13	7985	0	2850	0	0	2850	0	13	57
718	m10013	1	使用泉水58	使用8270次泉水	13	8270	0	2900	0	0	2900	0	13	58
719	m10013	1	使用泉水59	使用8560次泉水	13	8560	0	2950	0	0	2950	0	13	59
720	m10013	1	使用泉水60	使用8855次泉水	13	8855	0	3000	0	0	3000	0	13	60
721	m10014	1	修炼技能1	修炼5次技能	14	5	0	0	0	0	50	20017|1|1	14	1
722	m10014	1	修炼技能2	修炼10次技能	14	10	0	0	0	0	100	20017|1|2	14	2
723	m10014	1	修炼技能3	修炼20次技能	14	20	0	0	0	0	150	20017|1|3	14	3
724	m10014	1	修炼技能4	修炼35次技能	14	35	0	0	0	0	200	20017|1|4	14	4
725	m10014	1	修炼技能5	修炼55次技能	14	55	0	0	0	0	250	20017|1|5	14	5
726	m10014	1	修炼技能6	修炼80次技能	14	80	0	0	0	0	300	20017|1|6	14	6
727	m10014	1	修炼技能7	修炼110次技能	14	110	0	0	0	0	350	20017|1|7	14	7
728	m10014	1	修炼技能8	修炼145次技能	14	145	0	0	0	0	400	20017|1|8	14	8
729	m10014	1	修炼技能9	修炼185次技能	14	185	0	0	0	0	450	20017|1|9	14	9
730	m10014	1	修炼技能10	修炼230次技能	14	230	0	0	0	0	500	20017|1|10	14	10
731	m10014	1	修炼技能11	修炼280次技能	14	280	0	0	0	0	550	20017|1|11	14	11
732	m10014	1	修炼技能12	修炼335次技能	14	335	0	0	0	0	600	20017|1|12	14	12
733	m10014	1	修炼技能13	修炼395次技能	14	395	0	0	0	0	650	20017|1|13	14	13
734	m10014	1	修炼技能14	修炼460次技能	14	460	0	0	0	0	700	20017|1|14	14	14
735	m10014	1	修炼技能15	修炼530次技能	14	530	0	0	0	0	750	20017|1|15	14	15
736	m10014	1	修炼技能16	修炼605次技能	14	605	0	0	0	0	800	20017|1|16	14	16
737	m10014	1	修炼技能17	修炼685次技能	14	685	0	0	0	0	850	20017|1|17	14	17
738	m10014	1	修炼技能18	修炼770次技能	14	770	0	0	0	0	900	20017|1|18	14	18
739	m10014	1	修炼技能19	修炼860次技能	14	860	0	0	0	0	950	20017|1|19	14	19
740	m10014	1	修炼技能20	修炼955次技能	14	955	0	0	0	0	1000	20017|1|20	14	20
741	m10014	1	修炼技能21	修炼1055次技能	14	1055	0	0	0	0	1050	20017|1|21	14	21
742	m10014	1	修炼技能22	修炼1160次技能	14	1160	0	0	0	0	1100	20017|1|22	14	22
743	m10014	1	修炼技能23	修炼1270次技能	14	1270	0	0	0	0	1150	20017|1|23	14	23
744	m10014	1	修炼技能24	修炼1385次技能	14	1385	0	0	0	0	1200	20017|1|24	14	24
745	m10014	1	修炼技能25	修炼1505次技能	14	1505	0	0	0	0	1250	20017|1|25	14	25
746	m10014	1	修炼技能26	修炼1630次技能	14	1630	0	0	0	0	1300	20017|1|26	14	26
747	m10014	1	修炼技能27	修炼1760次技能	14	1760	0	0	0	0	1350	20017|1|27	14	27
748	m10014	1	修炼技能28	修炼1895次技能	14	1895	0	0	0	0	1400	20017|1|28	14	28
749	m10014	1	修炼技能29	修炼2035次技能	14	2035	0	0	0	0	1450	20017|1|29	14	29
750	m10014	1	修炼技能30	修炼2180次技能	14	2180	0	0	0	0	1500	20017|1|30	14	30
751	m10014	1	修炼技能31	修炼2330次技能	14	2330	0	0	0	0	1550	20017|1|31	14	31
752	m10014	1	修炼技能32	修炼2485次技能	14	2485	0	0	0	0	1600	20017|1|32	14	32
753	m10014	1	修炼技能33	修炼2645次技能	14	2645	0	0	0	0	1650	20017|1|33	14	33
754	m10014	1	修炼技能34	修炼2810次技能	14	2810	0	0	0	0	1700	20017|1|34	14	34
755	m10014	1	修炼技能35	修炼2980次技能	14	2980	0	0	0	0	1750	20017|1|35	14	35
756	m10014	1	修炼技能36	修炼3155次技能	14	3155	0	0	0	0	1800	20017|1|36	14	36
757	m10014	1	修炼技能37	修炼3335次技能	14	3335	0	0	0	0	1850	20017|1|37	14	37
758	m10014	1	修炼技能38	修炼3520次技能	14	3520	0	0	0	0	1900	20017|1|38	14	38
759	m10014	1	修炼技能39	修炼3710次技能	14	3710	0	0	0	0	1950	20017|1|39	14	39
760	m10014	1	修炼技能40	修炼3905次技能	14	3905	0	0	0	0	2000	20017|1|40	14	40
761	m10014	1	修炼技能41	修炼4105次技能	14	4105	0	0	0	0	2050	20017|1|41	14	41
762	m10014	1	修炼技能42	修炼4310次技能	14	4310	0	0	0	0	2100	20017|1|42	14	42
763	m10014	1	修炼技能43	修炼4520次技能	14	4520	0	0	0	0	2150	20017|1|43	14	43
764	m10014	1	修炼技能44	修炼4735次技能	14	4735	0	0	0	0	2200	20017|1|44	14	44
765	m10014	1	修炼技能45	修炼4955次技能	14	4955	0	0	0	0	2250	20017|1|45	14	45
766	m10014	1	修炼技能46	修炼5180次技能	14	5180	0	0	0	0	2300	20017|1|46	14	46
767	m10014	1	修炼技能47	修炼5410次技能	14	5410	0	0	0	0	2350	20017|1|47	14	47
768	m10014	1	修炼技能48	修炼5645次技能	14	5645	0	0	0	0	2400	20017|1|48	14	48
769	m10014	1	修炼技能49	修炼5885次技能	14	5885	0	0	0	0	2450	20017|1|49	14	49
770	m10014	1	修炼技能50	修炼6130次技能	14	6130	0	0	0	0	2500	20017|1|50	14	50
771	m10014	1	修炼技能51	修炼6380次技能	14	6380	0	0	0	0	2550	20017|1|51	14	51
772	m10014	1	修炼技能52	修炼6635次技能	14	6635	0	0	0	0	2600	20017|1|52	14	52
773	m10014	1	修炼技能53	修炼6895次技能	14	6895	0	0	0	0	2650	20017|1|53	14	53
774	m10014	1	修炼技能54	修炼7160次技能	14	7160	0	0	0	0	2700	20017|1|54	14	54
775	m10014	1	修炼技能55	修炼7430次技能	14	7430	0	0	0	0	2750	20017|1|55	14	55
776	m10014	1	修炼技能56	修炼7705次技能	14	7705	0	0	0	0	2800	20017|1|56	14	56
777	m10014	1	修炼技能57	修炼7985次技能	14	7985	0	0	0	0	2850	20017|1|57	14	57
778	m10014	1	修炼技能58	修炼8270次技能	14	8270	0	0	0	0	2900	20017|1|58	14	58
779	m10014	1	修炼技能59	修炼8560次技能	14	8560	0	0	0	0	2950	20017|1|59	14	59
780	m10014	1	修炼技能60	修炼8855次技能	14	8855	0	0	0	0	3000	20017|1|60	14	60
781	m10015	1	合成技能1	合成1次技能	15	1	0	0	0	0	50	20017|1|1	15	1
782	m10015	1	合成技能2	合成2次技能	15	2	0	0	0	0	100	20017|1|2	15	2
783	m10015	1	合成技能3	合成4次技能	15	4	0	0	0	0	150	20017|1|3	15	3
784	m10015	1	合成技能4	合成7次技能	15	7	0	0	0	0	200	20017|1|4	15	4
785	m10015	1	合成技能5	合成11次技能	15	11	0	0	0	0	250	20017|1|5	15	5
786	m10015	1	合成技能6	合成16次技能	15	16	0	0	0	0	300	20017|1|6	15	6
787	m10015	1	合成技能7	合成22次技能	15	22	0	0	0	0	350	20017|1|7	15	7
788	m10015	1	合成技能8	合成29次技能	15	29	0	0	0	0	400	20017|1|8	15	8
789	m10015	1	合成技能9	合成37次技能	15	37	0	0	0	0	450	20017|1|9	15	9
790	m10015	1	合成技能10	合成46次技能	15	46	0	0	0	0	500	20017|1|10	15	10
791	m10015	1	合成技能11	合成56次技能	15	56	0	0	0	0	550	20017|1|11	15	11
792	m10015	1	合成技能12	合成67次技能	15	67	0	0	0	0	600	20017|1|12	15	12
793	m10015	1	合成技能13	合成79次技能	15	79	0	0	0	0	650	20017|1|13	15	13
794	m10015	1	合成技能14	合成92次技能	15	92	0	0	0	0	700	20017|1|14	15	14
795	m10015	1	合成技能15	合成106次技能	15	106	0	0	0	0	750	20017|1|15	15	15
796	m10015	1	合成技能16	合成121次技能	15	121	0	0	0	0	800	20017|1|16	15	16
797	m10015	1	合成技能17	合成137次技能	15	137	0	0	0	0	850	20017|1|17	15	17
798	m10015	1	合成技能18	合成154次技能	15	154	0	0	0	0	900	20017|1|18	15	18
799	m10015	1	合成技能19	合成172次技能	15	172	0	0	0	0	950	20017|1|19	15	19
800	m10015	1	合成技能20	合成191次技能	15	191	0	0	0	0	1000	20017|1|20	15	20
801	m10015	1	合成技能21	合成211次技能	15	211	0	0	0	0	1050	20017|1|21	15	21
802	m10015	1	合成技能22	合成232次技能	15	232	0	0	0	0	1100	20017|1|22	15	22
803	m10015	1	合成技能23	合成254次技能	15	254	0	0	0	0	1150	20017|1|23	15	23
804	m10015	1	合成技能24	合成277次技能	15	277	0	0	0	0	1200	20017|1|24	15	24
805	m10015	1	合成技能25	合成301次技能	15	301	0	0	0	0	1250	20017|1|25	15	25
806	m10015	1	合成技能26	合成326次技能	15	326	0	0	0	0	1300	20017|1|26	15	26
807	m10015	1	合成技能27	合成352次技能	15	352	0	0	0	0	1350	20017|1|27	15	27
808	m10015	1	合成技能28	合成379次技能	15	379	0	0	0	0	1400	20017|1|28	15	28
809	m10015	1	合成技能29	合成407次技能	15	407	0	0	0	0	1450	20017|1|29	15	29
810	m10015	1	合成技能30	合成436次技能	15	436	0	0	0	0	1500	20017|1|30	15	30
811	m10015	1	合成技能31	合成466次技能	15	466	0	0	0	0	1550	20017|1|31	15	31
812	m10015	1	合成技能32	合成497次技能	15	497	0	0	0	0	1600	20017|1|32	15	32
813	m10015	1	合成技能33	合成529次技能	15	529	0	0	0	0	1650	20017|1|33	15	33
814	m10015	1	合成技能34	合成562次技能	15	562	0	0	0	0	1700	20017|1|34	15	34
815	m10015	1	合成技能35	合成596次技能	15	596	0	0	0	0	1750	20017|1|35	15	35
816	m10015	1	合成技能36	合成631次技能	15	631	0	0	0	0	1800	20017|1|36	15	36
817	m10015	1	合成技能37	合成667次技能	15	667	0	0	0	0	1850	20017|1|37	15	37
818	m10015	1	合成技能38	合成704次技能	15	704	0	0	0	0	1900	20017|1|38	15	38
819	m10015	1	合成技能39	合成742次技能	15	742	0	0	0	0	1950	20017|1|39	15	39
820	m10015	1	合成技能40	合成781次技能	15	781	0	0	0	0	2000	20017|1|40	15	40
821	m10015	1	合成技能41	合成821次技能	15	821	0	0	0	0	2050	20017|1|41	15	41
822	m10015	1	合成技能42	合成862次技能	15	862	0	0	0	0	2100	20017|1|42	15	42
823	m10015	1	合成技能43	合成904次技能	15	904	0	0	0	0	2150	20017|1|43	15	43
824	m10015	1	合成技能44	合成947次技能	15	947	0	0	0	0	2200	20017|1|44	15	44
825	m10015	1	合成技能45	合成991次技能	15	991	0	0	0	0	2250	20017|1|45	15	45
826	m10015	1	合成技能46	合成1036次技能	15	1036	0	0	0	0	2300	20017|1|46	15	46
827	m10015	1	合成技能47	合成1082次技能	15	1082	0	0	0	0	2350	20017|1|47	15	47
828	m10015	1	合成技能48	合成1129次技能	15	1129	0	0	0	0	2400	20017|1|48	15	48
829	m10015	1	合成技能49	合成1177次技能	15	1177	0	0	0	0	2450	20017|1|49	15	49
830	m10015	1	合成技能50	合成1226次技能	15	1226	0	0	0	0	2500	20017|1|50	15	50
831	m10015	1	合成技能51	合成1276次技能	15	1276	0	0	0	0	2550	20017|1|51	15	51
832	m10015	1	合成技能52	合成1327次技能	15	1327	0	0	0	0	2600	20017|1|52	15	52
833	m10015	1	合成技能53	合成1379次技能	15	1379	0	0	0	0	2650	20017|1|53	15	53
834	m10015	1	合成技能54	合成1432次技能	15	1432	0	0	0	0	2700	20017|1|54	15	54
835	m10015	1	合成技能55	合成1486次技能	15	1486	0	0	0	0	2750	20017|1|55	15	55
836	m10015	1	合成技能56	合成1541次技能	15	1541	0	0	0	0	2800	20017|1|56	15	56
837	m10015	1	合成技能57	合成1597次技能	15	1597	0	0	0	0	2850	20017|1|57	15	57
838	m10015	1	合成技能58	合成1654次技能	15	1654	0	0	0	0	2900	20017|1|58	15	58
839	m10015	1	合成技能59	合成1712次技能	15	1712	0	0	0	0	2950	20017|1|59	15	59
840	m10015	1	合成技能60	合成1771次技能	15	1771	0	0	0	0	3000	20017|1|60	15	60
841	m10016	1	收集英雄1	获得1个英雄	16	1	100	0	0	0	50	0	16	1
842	m10016	1	收集英雄2	获得2个英雄	16	2	100	0	0	0	100	0	16	2
843	m10016	1	收集英雄3	获得3个英雄	16	3	100	0	0	0	150	0	16	3
844	m10016	1	收集英雄4	获得4个英雄	16	4	100	0	0	0	200	0	16	4
845	m10016	1	收集英雄5	获得5个英雄	16	5	100	0	0	0	250	0	16	5
846	m10016	1	收集英雄6	获得6个英雄	16	6	100	0	0	0	300	0	16	6
847	m10016	1	收集英雄7	获得7个英雄	16	7	100	0	0	0	350	0	16	7
848	m10016	1	收集英雄8	获得8个英雄	16	8	100	0	0	0	400	0	16	8
849	m10016	1	收集英雄9	获得9个英雄	16	9	100	0	0	0	450	0	16	9
850	m10016	1	收集英雄10	获得10个英雄	16	10	100	0	0	0	500	0	16	10
851	m10016	1	收集英雄11	获得11个英雄	16	11	100	0	0	0	550	0	16	11
852	m10016	1	收集英雄12	获得12个英雄	16	12	100	0	0	0	600	0	16	12
853	m10016	1	收集英雄13	获得13个英雄	16	13	100	0	0	0	650	0	16	13
854	m10016	1	收集英雄14	获得14个英雄	16	14	100	0	0	0	700	0	16	14
855	m10016	1	收集英雄15	获得15个英雄	16	15	100	0	0	0	750	0	16	15
856	m10016	1	收集英雄16	获得16个英雄	16	16	100	0	0	0	800	0	16	16
857	m10016	1	收集英雄17	获得17个英雄	16	17	100	0	0	0	850	0	16	17
858	m10016	1	收集英雄18	获得18个英雄	16	18	100	0	0	0	900	0	16	18
859	m10016	1	收集英雄19	获得19个英雄	16	19	100	0	0	0	950	0	16	19
860	m10016	1	收集英雄20	获得20个英雄	16	20	100	0	0	0	1000	0	16	20
861	m10016	1	收集英雄21	获得21个英雄	16	21	100	0	0	0	1050	0	16	21
862	m10016	1	收集英雄22	获得22个英雄	16	22	100	0	0	0	1100	0	16	22
863	m10016	1	收集英雄23	获得23个英雄	16	23	100	0	0	0	1150	0	16	23
864	m10016	1	收集英雄24	获得24个英雄	16	24	100	0	0	0	1200	0	16	24
865	m10016	1	收集英雄25	获得25个英雄	16	25	100	0	0	0	1250	0	16	25
866	m10016	1	收集英雄26	获得26个英雄	16	26	100	0	0	0	1300	0	16	26
867	m10016	1	收集英雄27	获得27个英雄	16	27	100	0	0	0	1350	0	16	27
868	m10016	1	收集英雄28	获得28个英雄	16	28	100	0	0	0	1400	0	16	28
869	m10016	1	收集英雄29	获得29个英雄	16	29	100	0	0	0	1450	0	16	29
870	m10016	1	收集英雄30	获得30个英雄	16	30	100	0	0	0	1500	0	16	30
871	m10016	1	收集英雄31	获得31个英雄	16	31	100	0	0	0	1550	0	16	31
872	m10016	1	收集英雄32	获得32个英雄	16	32	100	0	0	0	1600	0	16	32
873	m10016	1	收集英雄33	获得33个英雄	16	33	100	0	0	0	1650	0	16	33
874	m10016	1	收集英雄34	获得34个英雄	16	34	100	0	0	0	1700	0	16	34
875	m10016	1	收集英雄35	获得35个英雄	16	35	100	0	0	0	1750	0	16	35
876	m10016	1	收集英雄36	获得36个英雄	16	36	100	0	0	0	1800	0	16	36
877	m10016	1	收集英雄37	获得37个英雄	16	37	100	0	0	0	1850	0	16	37
878	m10016	1	收集英雄38	获得38个英雄	16	38	100	0	0	0	1900	0	16	38
879	m10016	1	收集英雄39	获得39个英雄	16	39	100	0	0	0	1950	0	16	39
880	m10016	1	收集英雄40	获得40个英雄	16	40	100	0	0	0	2000	0	16	40
881	m10016	1	收集英雄41	获得41个英雄	16	41	100	0	0	0	2050	0	16	41
882	m10016	1	收集英雄42	获得42个英雄	16	42	100	0	0	0	2100	0	16	42
883	m10016	1	收集英雄43	获得43个英雄	16	43	100	0	0	0	2150	0	16	43
884	m10016	1	收集英雄44	获得44个英雄	16	44	100	0	0	0	2200	0	16	44
885	m10016	1	收集英雄45	获得45个英雄	16	45	100	0	0	0	2250	0	16	45
886	m10016	1	收集英雄46	获得46个英雄	16	46	100	0	0	0	2300	0	16	46
887	m10016	1	收集英雄47	获得47个英雄	16	47	100	0	0	0	2350	0	16	47
888	m10016	1	收集英雄48	获得48个英雄	16	48	100	0	0	0	2400	0	16	48
889	m10016	1	收集英雄49	获得49个英雄	16	49	100	0	0	0	2450	0	16	49
890	m10016	1	收集英雄50	获得50个英雄	16	50	100	0	0	0	2500	0	16	50
891	m10016	1	收集英雄51	获得51个英雄	16	51	100	0	0	0	2550	0	16	51
892	m10016	1	收集英雄52	获得52个英雄	16	52	100	0	0	0	2600	0	16	52
893	m10016	1	收集英雄53	获得53个英雄	16	53	100	0	0	0	2650	0	16	53
894	m10016	1	收集英雄54	获得54个英雄	16	54	100	0	0	0	2700	0	16	54
895	m10016	1	收集英雄55	获得55个英雄	16	55	100	0	0	0	2750	0	16	55
896	m10016	1	收集英雄56	获得56个英雄	16	56	100	0	0	0	2800	0	16	56
897	m10016	1	收集英雄57	获得57个英雄	16	57	100	0	0	0	2850	0	16	57
898	m10016	1	收集英雄58	获得58个英雄	16	58	100	0	0	0	2900	0	16	58
899	m10016	1	收集英雄59	获得59个英雄	16	59	100	0	0	0	2950	0	16	59
900	m10016	1	收集英雄60	获得60个英雄	16	60	100	0	0	0	3000	0	16	60
901	m10017	1	箭塔强化1	提升箭塔等级2次	17	2	0	0	0	0	50	0	17	1
902	m10017	1	箭塔强化2	提升箭塔等级4次	17	4	0	0	0	0	100	0	17	2
903	m10017	1	箭塔强化3	提升箭塔等级6次	17	6	0	0	0	0	150	0	17	3
904	m10017	1	箭塔强化4	提升箭塔等级8次	17	8	0	0	0	0	200	0	17	4
905	m10017	1	箭塔强化5	提升箭塔等级10次	17	10	0	0	0	0	250	0	17	5
906	m10017	1	箭塔强化6	提升箭塔等级12次	17	12	0	0	0	0	300	0	17	6
907	m10017	1	箭塔强化7	提升箭塔等级14次	17	14	0	0	0	0	350	0	17	7
908	m10017	1	箭塔强化8	提升箭塔等级16次	17	16	0	0	0	0	400	0	17	8
909	m10017	1	箭塔强化9	提升箭塔等级18次	17	18	0	0	0	0	450	0	17	9
910	m10017	1	箭塔强化10	提升箭塔等级20次	17	20	0	0	0	0	500	0	17	10
911	m10017	1	箭塔强化11	提升箭塔等级22次	17	22	0	0	0	0	550	0	17	11
912	m10017	1	箭塔强化12	提升箭塔等级24次	17	24	0	0	0	0	600	0	17	12
913	m10017	1	箭塔强化13	提升箭塔等级26次	17	26	0	0	0	0	650	0	17	13
914	m10017	1	箭塔强化14	提升箭塔等级28次	17	28	0	0	0	0	700	0	17	14
915	m10017	1	箭塔强化15	提升箭塔等级30次	17	30	0	0	0	0	750	0	17	15
916	m10017	1	箭塔强化16	提升箭塔等级32次	17	32	0	0	0	0	800	0	17	16
917	m10017	1	箭塔强化17	提升箭塔等级34次	17	34	0	0	0	0	850	0	17	17
918	m10017	1	箭塔强化18	提升箭塔等级36次	17	36	0	0	0	0	900	0	17	18
919	m10017	1	箭塔强化19	提升箭塔等级38次	17	38	0	0	0	0	950	0	17	19
920	m10017	1	箭塔强化20	提升箭塔等级40次	17	40	0	0	0	0	1000	0	17	20
921	m10017	1	箭塔强化21	提升箭塔等级42次	17	42	0	0	0	0	1050	0	17	21
922	m10017	1	箭塔强化22	提升箭塔等级44次	17	44	0	0	0	0	1100	0	17	22
923	m10017	1	箭塔强化23	提升箭塔等级46次	17	46	0	0	0	0	1150	0	17	23
924	m10017	1	箭塔强化24	提升箭塔等级48次	17	48	0	0	0	0	1200	0	17	24
925	m10017	1	箭塔强化25	提升箭塔等级50次	17	50	0	0	0	0	1250	0	17	25
926	m10017	1	箭塔强化26	提升箭塔等级52次	17	52	0	0	0	0	1300	0	17	26
927	m10017	1	箭塔强化27	提升箭塔等级54次	17	54	0	0	0	0	1350	0	17	27
928	m10017	1	箭塔强化28	提升箭塔等级56次	17	56	0	0	0	0	1400	0	17	28
929	m10017	1	箭塔强化29	提升箭塔等级58次	17	58	0	0	0	0	1450	0	17	29
930	m10017	1	箭塔强化30	提升箭塔等级60次	17	60	0	0	0	0	1500	0	17	30
931	m10017	1	箭塔强化31	提升箭塔等级62次	17	62	0	0	0	0	1550	0	17	31
932	m10017	1	箭塔强化32	提升箭塔等级64次	17	64	0	0	0	0	1600	0	17	32
933	m10017	1	箭塔强化33	提升箭塔等级66次	17	66	0	0	0	0	1650	0	17	33
934	m10017	1	箭塔强化34	提升箭塔等级68次	17	68	0	0	0	0	1700	0	17	34
935	m10017	1	箭塔强化35	提升箭塔等级70次	17	70	0	0	0	0	1750	0	17	35
936	m10017	1	箭塔强化36	提升箭塔等级72次	17	72	0	0	0	0	1800	0	17	36
937	m10017	1	箭塔强化37	提升箭塔等级74次	17	74	0	0	0	0	1850	0	17	37
938	m10017	1	箭塔强化38	提升箭塔等级76次	17	76	0	0	0	0	1900	0	17	38
939	m10017	1	箭塔强化39	提升箭塔等级78次	17	78	0	0	0	0	1950	0	17	39
940	m10017	1	箭塔强化40	提升箭塔等级80次	17	80	0	0	0	0	2000	0	17	40
941	m10017	1	箭塔强化41	提升箭塔等级82次	17	82	0	0	0	0	2050	0	17	41
942	m10017	1	箭塔强化42	提升箭塔等级84次	17	84	0	0	0	0	2100	0	17	42
943	m10017	1	箭塔强化43	提升箭塔等级86次	17	86	0	0	0	0	2150	0	17	43
944	m10017	1	箭塔强化44	提升箭塔等级88次	17	88	0	0	0	0	2200	0	17	44
945	m10017	1	箭塔强化45	提升箭塔等级90次	17	90	0	0	0	0	2250	0	17	45
946	m10017	1	箭塔强化46	提升箭塔等级92次	17	92	0	0	0	0	2300	0	17	46
947	m10017	1	箭塔强化47	提升箭塔等级94次	17	94	0	0	0	0	2350	0	17	47
948	m10017	1	箭塔强化48	提升箭塔等级96次	17	96	0	0	0	0	2400	0	17	48
949	m10017	1	箭塔强化49	提升箭塔等级98次	17	98	0	0	0	0	2450	0	17	49
950	m10017	1	箭塔强化50	提升箭塔等级100次	17	100	0	0	0	0	2500	0	17	50
951	m10017	1	箭塔强化51	提升箭塔等级102次	17	102	0	0	0	0	2550	0	17	51
952	m10017	1	箭塔强化52	提升箭塔等级104次	17	104	0	0	0	0	2600	0	17	52
953	m10017	1	箭塔强化53	提升箭塔等级106次	17	106	0	0	0	0	2650	0	17	53
954	m10017	1	箭塔强化54	提升箭塔等级108次	17	108	0	0	0	0	2700	0	17	54
955	m10017	1	箭塔强化55	提升箭塔等级110次	17	110	0	0	0	0	2750	0	17	55
956	m10017	1	箭塔强化56	提升箭塔等级112次	17	112	0	0	0	0	2800	0	17	56
957	m10017	1	箭塔强化57	提升箭塔等级114次	17	114	0	0	0	0	2850	0	17	57
958	m10017	1	箭塔强化58	提升箭塔等级116次	17	116	0	0	0	0	2900	0	17	58
959	m10017	1	箭塔强化59	提升箭塔等级118次	17	118	0	0	0	0	2950	0	17	59
960	m10017	1	箭塔强化60	提升箭塔等级120次	17	120	0	0	0	0	3000	0	17	60
961	m10018	1	控制神符1	控制2次神符	18	2	0	0	0	0	50	0	18	1
962	m10018	1	控制神符2	控制4次神符	18	4	0	0	0	0	100	0	18	2
963	m10018	1	控制神符3	控制6次神符	18	6	0	0	0	0	150	0	18	3
964	m10018	1	控制神符4	控制8次神符	18	8	0	0	0	0	200	0	18	4
965	m10018	1	控制神符5	控制10次神符	18	10	0	0	0	0	250	0	18	5
966	m10018	1	控制神符6	控制12次神符	18	12	0	0	0	0	300	0	18	6
967	m10018	1	控制神符7	控制14次神符	18	14	0	0	0	0	350	0	18	7
968	m10018	1	控制神符8	控制16次神符	18	16	0	0	0	0	400	0	18	8
969	m10018	1	控制神符9	控制18次神符	18	18	0	0	0	0	450	0	18	9
970	m10018	1	控制神符10	控制20次神符	18	20	0	0	0	0	500	0	18	10
971	m10018	1	控制神符11	控制22次神符	18	22	0	0	0	0	550	0	18	11
972	m10018	1	控制神符12	控制24次神符	18	24	0	0	0	0	600	0	18	12
973	m10018	1	控制神符13	控制26次神符	18	26	0	0	0	0	650	0	18	13
974	m10018	1	控制神符14	控制28次神符	18	28	0	0	0	0	700	0	18	14
975	m10018	1	控制神符15	控制30次神符	18	30	0	0	0	0	750	0	18	15
976	m10018	1	控制神符16	控制32次神符	18	32	0	0	0	0	800	0	18	16
977	m10018	1	控制神符17	控制34次神符	18	34	0	0	0	0	850	0	18	17
978	m10018	1	控制神符18	控制36次神符	18	36	0	0	0	0	900	0	18	18
979	m10018	1	控制神符19	控制38次神符	18	38	0	0	0	0	950	0	18	19
980	m10018	1	控制神符20	控制40次神符	18	40	0	0	0	0	1000	0	18	20
981	m10018	1	控制神符21	控制42次神符	18	42	0	0	0	0	1050	0	18	21
982	m10018	1	控制神符22	控制44次神符	18	44	0	0	0	0	1100	0	18	22
983	m10018	1	控制神符23	控制46次神符	18	46	0	0	0	0	1150	0	18	23
984	m10018	1	控制神符24	控制48次神符	18	48	0	0	0	0	1200	0	18	24
985	m10018	1	控制神符25	控制50次神符	18	50	0	0	0	0	1250	0	18	25
986	m10018	1	控制神符26	控制52次神符	18	52	0	0	0	0	1300	0	18	26
987	m10018	1	控制神符27	控制54次神符	18	54	0	0	0	0	1350	0	18	27
988	m10018	1	控制神符28	控制56次神符	18	56	0	0	0	0	1400	0	18	28
989	m10018	1	控制神符29	控制58次神符	18	58	0	0	0	0	1450	0	18	29
990	m10018	1	控制神符30	控制60次神符	18	60	0	0	0	0	1500	0	18	30
991	m10018	1	控制神符31	控制62次神符	18	62	0	0	0	0	1550	0	18	31
992	m10018	1	控制神符32	控制64次神符	18	64	0	0	0	0	1600	0	18	32
993	m10018	1	控制神符33	控制66次神符	18	66	0	0	0	0	1650	0	18	33
994	m10018	1	控制神符34	控制68次神符	18	68	0	0	0	0	1700	0	18	34
995	m10018	1	控制神符35	控制70次神符	18	70	0	0	0	0	1750	0	18	35
996	m10018	1	控制神符36	控制72次神符	18	72	0	0	0	0	1800	0	18	36
997	m10018	1	控制神符37	控制74次神符	18	74	0	0	0	0	1850	0	18	37
998	m10018	1	控制神符38	控制76次神符	18	76	0	0	0	0	1900	0	18	38
999	m10018	1	控制神符39	控制78次神符	18	78	0	0	0	0	1950	0	18	39
1000	m10018	1	控制神符40	控制80次神符	18	80	0	0	0	0	2000	0	18	40
1001	m10018	1	控制神符41	控制82次神符	18	82	0	0	0	0	2050	0	18	41
1002	m10018	1	控制神符42	控制84次神符	18	84	0	0	0	0	2100	0	18	42
1003	m10018	1	控制神符43	控制86次神符	18	86	0	0	0	0	2150	0	18	43
1004	m10018	1	控制神符44	控制88次神符	18	88	0	0	0	0	2200	0	18	44
1005	m10018	1	控制神符45	控制90次神符	18	90	0	0	0	0	2250	0	18	45
1006	m10018	1	控制神符46	控制92次神符	18	92	0	0	0	0	2300	0	18	46
1007	m10018	1	控制神符47	控制94次神符	18	94	0	0	0	0	2350	0	18	47
1008	m10018	1	控制神符48	控制96次神符	18	96	0	0	0	0	2400	0	18	48
1009	m10018	1	控制神符49	控制98次神符	18	98	0	0	0	0	2450	0	18	49
1010	m10018	1	控制神符50	控制100次神符	18	100	0	0	0	0	2500	0	18	50
1011	m10018	1	控制神符51	控制102次神符	18	102	0	0	0	0	2550	0	18	51
1012	m10018	1	控制神符52	控制104次神符	18	104	0	0	0	0	2600	0	18	52
1013	m10018	1	控制神符53	控制106次神符	18	106	0	0	0	0	2650	0	18	53
1014	m10018	1	控制神符54	控制108次神符	18	108	0	0	0	0	2700	0	18	54
1015	m10018	1	控制神符55	控制110次神符	18	110	0	0	0	0	2750	0	18	55
1016	m10018	1	控制神符56	控制112次神符	18	112	0	0	0	0	2800	0	18	56
1017	m10018	1	控制神符57	控制114次神符	18	114	0	0	0	0	2850	0	18	57
1018	m10018	1	控制神符58	控制116次神符	18	116	0	0	0	0	2900	0	18	58
1019	m10018	1	控制神符59	控制118次神符	18	118	0	0	0	0	2950	0	18	59
1020	m10018	1	控制神符60	控制120次神符	18	120	0	0	0	0	3000	0	18	60
1021	m10004	1	竞技排名1	竞技场获得8855以上排名	19	8855	0	0	0	0	50	20008|1|5	19	1
1022	m10004	1	竞技排名2	竞技场获得8560以上排名	19	8560	0	0	0	0	100	20008|1|10	19	2
1023	m10004	1	竞技排名3	竞技场获得8270以上排名	19	8270	0	0	0	0	150	20008|1|15	19	3
1024	m10004	1	竞技排名4	竞技场获得7985以上排名	19	7985	0	0	0	0	200	20008|1|20	19	4
1025	m10004	1	竞技排名5	竞技场获得7705以上排名	19	7705	0	0	0	0	250	20008|1|25	19	5
1026	m10004	1	竞技排名6	竞技场获得7430以上排名	19	7430	0	0	0	0	300	20008|1|30	19	6
1027	m10004	1	竞技排名7	竞技场获得7160以上排名	19	7160	0	0	0	0	350	20008|1|35	19	7
1028	m10004	1	竞技排名8	竞技场获得6895以上排名	19	6895	0	0	0	0	400	20008|1|40	19	8
1029	m10004	1	竞技排名9	竞技场获得6635以上排名	19	6635	0	0	0	0	450	20008|1|45	19	9
1030	m10004	1	竞技排名10	竞技场获得6380以上排名	19	6380	0	0	0	0	500	20008|1|50	19	10
1031	m10004	1	竞技排名11	竞技场获得6130以上排名	19	6130	0	0	0	0	550	20008|1|55	19	11
1032	m10004	1	竞技排名12	竞技场获得5885以上排名	19	5885	0	0	0	0	600	20008|1|60	19	12
1033	m10004	1	竞技排名13	竞技场获得5645以上排名	19	5645	0	0	0	0	650	20008|1|65	19	13
1034	m10004	1	竞技排名14	竞技场获得5410以上排名	19	5410	0	0	0	0	700	20008|1|70	19	14
1035	m10004	1	竞技排名15	竞技场获得5180以上排名	19	5180	0	0	0	0	750	20008|1|75	19	15
1036	m10004	1	竞技排名16	竞技场获得4955以上排名	19	4955	0	0	0	0	800	20008|1|80	19	16
1037	m10004	1	竞技排名17	竞技场获得4735以上排名	19	4735	0	0	0	0	850	20008|1|85	19	17
1038	m10004	1	竞技排名18	竞技场获得4520以上排名	19	4520	0	0	0	0	900	20008|1|90	19	18
1039	m10004	1	竞技排名19	竞技场获得4310以上排名	19	4310	0	0	0	0	950	20008|1|95	19	19
1040	m10004	1	竞技排名20	竞技场获得4105以上排名	19	4105	0	0	0	0	1000	20008|1|100	19	20
1041	m10004	1	竞技排名21	竞技场获得3905以上排名	19	3905	0	0	0	0	1050	20008|1|105	19	21
1042	m10004	1	竞技排名22	竞技场获得3710以上排名	19	3710	0	0	0	0	1100	20008|1|110	19	22
1043	m10004	1	竞技排名23	竞技场获得3520以上排名	19	3520	0	0	0	0	1150	20008|1|115	19	23
1044	m10004	1	竞技排名24	竞技场获得3335以上排名	19	3335	0	0	0	0	1200	20008|1|120	19	24
1045	m10004	1	竞技排名25	竞技场获得3155以上排名	19	3155	0	0	0	0	1250	20008|1|125	19	25
1046	m10004	1	竞技排名26	竞技场获得2980以上排名	19	2980	0	0	0	0	1300	20008|1|130	19	26
1047	m10004	1	竞技排名27	竞技场获得2810以上排名	19	2810	0	0	0	0	1350	20008|1|135	19	27
1048	m10004	1	竞技排名28	竞技场获得2645以上排名	19	2645	0	0	0	0	1400	20008|1|140	19	28
1049	m10004	1	竞技排名29	竞技场获得2485以上排名	19	2485	0	0	0	0	1450	20008|1|145	19	29
1050	m10004	1	竞技排名30	竞技场获得2330以上排名	19	2330	0	0	0	0	1500	20008|1|150	19	30
1051	m10004	1	竞技排名31	竞技场获得2180以上排名	19	2180	0	0	0	0	1550	20008|1|155	19	31
1052	m10004	1	竞技排名32	竞技场获得2035以上排名	19	2035	0	0	0	0	1600	20008|1|160	19	32
1053	m10004	1	竞技排名33	竞技场获得1895以上排名	19	1895	0	0	0	0	1650	20008|1|165	19	33
1054	m10004	1	竞技排名34	竞技场获得1760以上排名	19	1760	0	0	0	0	1700	20008|1|170	19	34
1055	m10004	1	竞技排名35	竞技场获得1630以上排名	19	1630	0	0	0	0	1750	20008|1|175	19	35
1056	m10004	1	竞技排名36	竞技场获得1505以上排名	19	1505	0	0	0	0	1800	20008|1|180	19	36
1057	m10004	1	竞技排名37	竞技场获得1385以上排名	19	1385	0	0	0	0	1850	20008|1|185	19	37
1058	m10004	1	竞技排名38	竞技场获得1270以上排名	19	1270	0	0	0	0	1900	20008|1|190	19	38
1059	m10004	1	竞技排名39	竞技场获得1160以上排名	19	1160	0	0	0	0	1950	20008|1|195	19	39
1060	m10004	1	竞技排名40	竞技场获得1055以上排名	19	1055	0	0	0	0	2000	20008|1|200	19	40
1061	m10004	1	竞技排名41	竞技场获得955以上排名	19	955	0	0	0	0	2050	20008|1|205	19	41
1062	m10004	1	竞技排名42	竞技场获得860以上排名	19	860	0	0	0	0	2100	20008|1|210	19	42
1063	m10004	1	竞技排名43	竞技场获得770以上排名	19	770	0	0	0	0	2150	20008|1|215	19	43
1064	m10004	1	竞技排名44	竞技场获得685以上排名	19	685	0	0	0	0	2200	20008|1|220	19	44
1065	m10004	1	竞技排名45	竞技场获得605以上排名	19	605	0	0	0	0	2250	20008|1|225	19	45
1066	m10004	1	竞技排名46	竞技场获得530以上排名	19	530	0	0	0	0	2300	20008|1|230	19	46
1067	m10004	1	竞技排名47	竞技场获得460以上排名	19	460	0	0	0	0	2350	20008|1|235	19	47
1068	m10004	1	竞技排名48	竞技场获得395以上排名	19	395	0	0	0	0	2400	20008|1|240	19	48
1069	m10004	1	竞技排名49	竞技场获得335以上排名	19	335	0	0	0	0	2450	20008|1|245	19	49
1070	m10004	1	竞技排名50	竞技场获得280以上排名	19	280	0	0	0	0	2500	20008|1|250	19	50
1071	m10004	1	竞技排名51	竞技场获得230以上排名	19	230	0	0	0	0	2550	20008|1|255	19	51
1072	m10004	1	竞技排名52	竞技场获得185以上排名	19	185	0	0	0	0	2600	20008|1|260	19	52
1073	m10004	1	竞技排名53	竞技场获得145以上排名	19	145	0	0	0	0	2650	20008|1|265	19	53
1074	m10004	1	竞技排名54	竞技场获得110以上排名	19	110	0	0	0	0	2700	20008|1|270	19	54
1075	m10004	1	竞技排名55	竞技场获得80以上排名	19	80	0	0	0	0	2750	20008|1|275	19	55
1076	m10004	1	竞技排名56	竞技场获得55以上排名	19	55	0	0	0	0	2800	20008|1|280	19	56
1077	m10004	1	竞技排名57	竞技场获得35以上排名	19	35	0	0	0	0	2850	20008|1|285	19	57
1078	m10004	1	竞技排名58	竞技场获得20以上排名	19	20	0	0	0	0	2900	20008|1|290	19	58
1079	m10004	1	竞技排名59	竞技场获得10以上排名	19	10	0	0	0	0	2950	20008|1|295	19	59
1080	m10004	1	竞技排名60	竞技场获得5以上排名	19	5	0	0	0	0	3000	20008|1|300	19	60
1081	m10004	1	成长之路1	封测期间完成第1关第1小节	22	1	100	1000	0	0	0	0	22	1
1082	m10004	1	成长之路2	封测期间完成第1关第2小节	22	2	100	1000	0	0	0	0	22	2
1083	m10004	1	成长之路3	封测期间完成第1关第3小节	22	3	100	1000	0	0	0	0	22	3
1084	m10004	1	成长之路4	封测期间完成第1关第4小节	22	4	100	1000	0	0	0	0	22	4
1085	m10004	1	成长之路5	封测期间完成第1关第5小节	22	5	100	1000	0	0	0	0	22	5
1086	m10004	1	成长之路6	封测期间完成第1关第6小节	22	6	100	1000	0	0	0	0	22	6
1087	m10004	1	成长之路7	封测期间完成第2关第1小节	22	7	100	1000	0	0	0	0	22	7
1088	m10004	1	成长之路8	封测期间完成第2关第2小节	22	8	100	1000	0	0	0	0	22	8
1089	m10004	1	成长之路9	封测期间完成第2关第3小节	22	9	100	1000	0	0	0	0	22	9
1090	m10004	1	成长之路10	封测期间完成第2关第4小节	22	10	100	1000	0	0	0	0	22	10
1091	m10004	1	成长之路11	封测期间完成第2关第5小节	22	11	100	1000	0	0	0	0	22	11
1092	m10004	1	成长之路12	封测期间完成第2关第6小节	22	12	100	1000	0	0	0	0	22	12
1093	m10004	1	成长之路13	封测期间完成第3关第1小节	22	13	100	1000	0	0	0	0	22	13
1094	m10004	1	成长之路14	封测期间完成第3关第2小节	22	14	100	1000	0	0	0	0	22	14
1095	m10004	1	成长之路15	封测期间完成第3关第3小节	22	15	100	1000	0	0	0	0	22	15
1096	m10004	1	成长之路16	封测期间完成第3关第4小节	22	16	100	1000	0	0	0	0	22	16
1097	m10004	1	成长之路17	封测期间完成第3关第5小节	22	17	100	1000	0	0	0	0	22	17
1098	m10004	1	成长之路18	封测期间完成第3关第6小节	22	18	100	1000	0	0	0	0	22	18
1099	m10004	1	成长之路19	封测期间完成第4关第1小节	22	19	100	1000	0	0	0	0	22	19
1100	m10004	1	成长之路20	封测期间完成第4关第2小节	22	20	100	1000	0	0	0	0	22	20
1101	m10004	1	成长之路21	封测期间完成第4关第3小节	22	21	100	1000	0	0	0	0	22	21
1102	m10004	1	成长之路22	封测期间完成第4关第4小节	22	22	100	1000	0	0	0	0	22	22
1103	m10004	1	成长之路23	封测期间完成第4关第5小节	22	23	100	1000	0	0	0	0	22	23
1104	m10004	1	成长之路24	封测期间完成第4关第6小节	22	24	100	1000	0	0	0	0	22	24
1105	m10004	1	成长之路25	封测期间完成第5关第1小节	22	25	100	1000	0	0	0	0	22	25
1106	m10004	1	成长之路26	封测期间完成第5关第2小节	22	26	100	1000	0	0	0	0	22	26
1107	m10004	1	成长之路27	封测期间完成第5关第3小节	22	27	100	1000	0	0	0	0	22	27
1108	m10004	1	成长之路28	封测期间完成第5关第4小节	22	28	100	1000	0	0	0	0	22	28
1109	m10004	1	成长之路29	封测期间完成第5关第5小节	22	29	100	1000	0	0	0	0	22	29
1110	m10004	1	成长之路30	封测期间完成第5关第6小节	22	30	100	1000	0	0	0	0	22	30
1111	m10004	1	成长之路31	封测期间完成第6关第1小节	22	31	100	1000	0	0	0	0	22	31
1112	m10004	1	成长之路32	封测期间完成第6关第2小节	22	32	100	1000	0	0	0	0	22	32
1113	m10004	1	成长之路33	封测期间完成第6关第3小节	22	33	100	1000	0	0	0	0	22	33
1114	m10004	1	成长之路34	封测期间完成第6关第4小节	22	34	100	1000	0	0	0	0	22	34
1115	m10004	1	成长之路35	封测期间完成第6关第5小节	22	35	100	1000	0	0	0	0	22	35
1116	m10004	1	成长之路36	封测期间完成第6关第6小节	22	36	100	1000	0	0	0	0	22	36
1117	m10004	1	成长之路37	封测期间完成第7关第1小节	22	37	100	1000	0	0	0	0	22	37
1118	m10004	1	成长之路38	封测期间完成第7关第2小节	22	38	100	1000	0	0	0	0	22	38
1119	m10004	1	成长之路39	封测期间完成第7关第3小节	22	39	100	1000	0	0	0	0	22	39
1120	m10004	1	成长之路40	封测期间完成第7关第4小节	22	40	100	1000	0	0	0	0	22	40
1121	m10004	1	成长之路41	封测期间完成第7关第5小节	22	41	100	1000	0	0	0	0	22	41
1122	m10004	1	成长之路42	封测期间完成第7关第6小节	22	42	100	1000	0	0	0	0	22	42
1123	m10004	1	成长之路43	封测期间完成第8关第1小节	22	43	100	1000	0	0	0	0	22	43
1124	m10004	1	成长之路44	封测期间完成第8关第2小节	22	44	100	1000	0	0	0	0	22	44
1125	m10004	1	成长之路45	封测期间完成第8关第3小节	22	45	100	1000	0	0	0	0	22	45
1126	m10004	1	成长之路46	封测期间完成第8关第4小节	22	46	100	1000	0	0	0	0	22	46
1127	m10004	1	成长之路47	封测期间完成第8关第5小节	22	47	100	1000	0	0	0	0	22	47
1128	m10004	1	成长之路48	封测期间完成第8关第6小节	22	48	100	1000	0	0	0	0	22	48
1129	m10004	1	成长之路49	封测期间完成第9关第1小节	22	49	100	1000	0	0	0	0	22	49
1130	m10004	1	成长之路50	封测期间完成第9关第2小节	22	50	100	1000	0	0	0	0	22	50
1131	m10004	1	成长之路51	封测期间完成第9关第3小节	22	51	100	1000	0	0	0	0	22	51
1132	m10004	1	成长之路52	封测期间完成第9关第4小节	22	52	100	1000	0	0	0	0	22	52
1133	m10004	1	成长之路53	封测期间完成第9关第5小节	22	53	100	1000	0	0	0	0	22	53
1134	m10004	1	成长之路54	封测期间完成第9关第6小节	22	54	100	1000	0	0	0	0	22	54
1135	m10004	1	成长之路55	封测期间完成第10关第1小节	22	55	100	1000	0	0	0	0	22	55
1136	m10004	1	成长之路56	封测期间完成第10关第2小节	22	56	100	1000	0	0	0	0	22	56
1137	m10004	1	成长之路57	封测期间完成第10关第3小节	22	57	100	1000	0	0	0	0	22	57
1138	m10004	1	成长之路58	封测期间完成第10关第4小节	22	58	100	1000	0	0	0	0	22	58
1139	m10004	1	成长之路59	封测期间完成第10关第5小节	22	59	100	1000	0	0	0	0	22	59
1140	m10004	1	成长之路60	封测期间完成第10关第6小节	22	60	100	1000	0	0	0	0	22	60
1141	m10004	1	成长之路61	封测期间完成第11关第1小节	22	61	100	1000	0	0	0	0	22	61
1142	m10004	1	成长之路62	封测期间完成第11关第2小节	22	62	100	1000	0	0	0	0	22	62
1143	m10004	1	成长之路63	封测期间完成第11关第3小节	22	63	100	1000	0	0	0	0	22	63
1144	m10004	1	成长之路64	封测期间完成第11关第4小节	22	64	100	1000	0	0	0	0	22	64
1145	m10004	1	成长之路65	封测期间完成第11关第5小节	22	65	100	1000	0	0	0	0	22	65
1146	m10004	1	成长之路66	封测期间完成第11关第6小节	22	66	100	1000	0	0	0	0	22	66
1147	m10004	1	成长之路67	封测期间完成第12关第1小节	22	67	100	1000	0	0	0	0	22	67
1148	m10004	1	成长之路68	封测期间完成第12关第2小节	22	68	100	1000	0	0	0	0	22	68
1149	m10004	1	成长之路69	封测期间完成第12关第3小节	22	69	100	1000	0	0	0	0	22	69
1150	m10004	1	成长之路70	封测期间完成第12关第4小节	22	70	100	1000	0	0	0	0	22	70
1151	m10004	1	成长之路71	封测期间完成第12关第5小节	22	71	100	1000	0	0	0	0	22	71
1152	m10004	1	成长之路72	封测期间完成第12关第6小节	22	72	100	1000	0	0	0	0	22	72
1153	m10004	1	成长之路73	封测期间完成第13关第1小节	22	73	100	1000	0	0	0	0	22	73
1154	m10004	1	成长之路74	封测期间完成第13关第2小节	22	74	100	1000	0	0	0	0	22	74
1155	m10004	1	成长之路75	封测期间完成第13关第3小节	22	75	100	1000	0	0	0	0	22	75
1156	m10004	1	成长之路76	封测期间完成第13关第4小节	22	76	100	1000	0	0	0	0	22	76
1157	m10004	1	成长之路77	封测期间完成第13关第5小节	22	77	100	1000	0	0	0	0	22	77
1158	m10004	1	成长之路78	封测期间完成第13关第6小节	22	78	100	1000	0	0	0	0	22	78
1159	m10004	1	成长之路79	封测期间完成第14关第1小节	22	79	100	1000	0	0	0	0	22	79
1160	m10004	1	成长之路80	封测期间完成第14关第2小节	22	80	100	1000	0	0	0	0	22	80
1161	m10004	1	成长之路81	封测期间完成第14关第3小节	22	81	100	1000	0	0	0	0	22	81
1162	m10004	1	成长之路82	封测期间完成第14关第4小节	22	82	100	1000	0	0	0	0	22	82
1163	m10004	1	成长之路83	封测期间完成第14关第5小节	22	83	100	1000	0	0	0	0	22	83
1164	m10004	1	成长之路84	封测期间完成第14关第6小节	22	84	100	1000	0	0	0	0	22	84
1165	m10004	1	成长之路85	封测期间完成第15关第1小节	22	85	100	1000	0	0	0	0	22	85
1166	m10004	1	成长之路86	封测期间完成第15关第2小节	22	86	100	1000	0	0	0	0	22	86
1167	m10004	1	成长之路87	封测期间完成第15关第3小节	22	87	100	1000	0	0	0	0	22	87
1168	m10004	1	成长之路88	封测期间完成第15关第4小节	22	88	100	1000	0	0	0	0	22	88
1169	m10004	1	成长之路89	封测期间完成第15关第5小节	22	89	100	1000	0	0	0	0	22	89
1170	m10004	1	成长之路90	封测期间完成第15关第6小节	22	90	100	1000	0	0	0	0	22	90
1171	m10004	1	成长之路91	封测期间完成第16关第1小节	22	91	100	1000	0	0	0	0	22	91
1172	m10004	1	成长之路92	封测期间完成第16关第2小节	22	92	100	1000	0	0	0	0	22	92
1173	m10004	1	成长之路93	封测期间完成第16关第3小节	22	93	100	1000	0	0	0	0	22	93
1174	m10004	1	成长之路94	封测期间完成第16关第4小节	22	94	100	1000	0	0	0	0	22	94
1175	m10004	1	成长之路95	封测期间完成第16关第5小节	22	95	100	1000	0	0	0	0	22	95
1176	m10004	1	成长之路96	封测期间完成第16关第6小节	22	96	100	1000	0	0	0	0	22	96
1177	m10004	1	成长之路97	封测期间完成第17关第1小节	22	97	100	1000	0	0	0	0	22	97
1178	m10004	1	成长之路98	封测期间完成第17关第2小节	22	98	100	1000	0	0	0	0	22	98
1179	m10004	1	成长之路99	封测期间完成第17关第3小节	22	99	100	1000	0	0	0	0	22	99
1180	m10004	1	成长之路100	封测期间完成第17关第4小节	22	100	100	1000	0	0	0	0	22	100
1181	m10004	1	成长之路101	封测期间完成第17关第5小节	22	101	100	1000	0	0	0	0	22	101
1182	m10004	1	成长之路102	封测期间完成第17关第6小节	22	102	100	1000	0	0	0	0	22	102
1183	m10004	1	成长之路103	封测期间完成第18关第1小节	22	103	100	1000	0	0	0	0	22	103
1184	m10004	1	成长之路104	封测期间完成第18关第2小节	22	104	100	1000	0	0	0	0	22	104
1185	m10004	1	成长之路105	封测期间完成第18关第3小节	22	105	100	1000	0	0	0	0	22	105
1186	m10004	1	成长之路106	封测期间完成第18关第4小节	22	106	100	1000	0	0	0	0	22	106
1187	m10004	1	成长之路107	封测期间完成第18关第5小节	22	107	100	1000	0	0	0	0	22	107
